 PDE 2008 12 02 12 31 43.90   19.1100  145.7500 137.1 5.9 5.9 MARIANA ISLANDS
event name:   C200812021231A
time shift:           1.0000
half duration:        2.3000
latitude:            19.1700
longitude:          145.9900
depth:              118.7000
Mrr:           -1.590000E+24
Mtt:            6.850000E+24
Mpp:           -5.260000E+24
Mrt:           -6.230000E+24
Mrp:            4.530000E+24
Mtp:            1.730000E+24
