 PDE 2009 01 26 11 54 39.60  -17.8000 -178.5900 579.5 5.8 5.8 FIJI ISLANDS REGION
event name:   C200901261154A
time shift:           5.2000
half duration:        2.0000
latitude:           -17.8300
longitude:         -178.5500
depth:              616.5000
Mrr:           -1.740000E+24
Mtt:            4.620000E+24
Mpp:           -2.880000E+24
Mrt:            3.170000E+24
Mrp:           -3.840000E+24
Mtp:            2.310000E+24
