 PDE 2009 12 26 08 57 27.50   -5.5300  131.2100  83.0 6.1 6.1 BANDA SEA
event name:   C200912260857A
time shift:           1.4000
half duration:        2.7000
latitude:            -5.3700
longitude:          131.3800
depth:               77.2000
Mrr:            8.410000E+24
Mtt:           -1.670000E+25
Mpp:            8.290000E+24
Mrt:           -2.500000E+23
Mrp:            7.660000E+24
Mtp:            4.340000E+24
