 PDE 2009 12 14 08 54 01.80   -5.9600  154.4400  39.0 5.9 6.0 SOLOMON ISLANDS
event name:   C200912140854A
time shift:           5.0000
half duration:        2.3000
latitude:            -6.1300
longitude:          154.4100
depth:               54.7000
Mrr:            9.760000E+24
Mtt:           -5.330000E+24
Mpp:           -4.430000E+24
Mrt:           -1.380000E+24
Mrp:            8.600000E+23
Mtp:            5.790000E+24
