 PDE 2005 10 25 19 40 43.00   -7.1500  145.9800 175.4 5.8 0.0 NEAR S COAST OF NEW GUINEA, PNG.
event name:   C200510251940A
time shift:           2.8000
half duration:        2.0000
latitude:            -7.2100
longitude:          146.1700
depth:              182.7000
Mrr:            5.180000E+24
Mtt:           -6.210000E+23
Mpp:           -4.560000E+24
Mrt:            6.430000E+23
Mrp:            4.450000E+24
Mtp:            1.630000E+24
