 PDE 2007 11 10 23 19 44.90   -3.2700  100.5400  25.0 5.9 5.9 SOUTHERN SUMATRA, INDONESIA
event name:   C200711102319A
time shift:           1.5000
half duration:        2.7000
latitude:            -3.6000
longitude:          100.2500
depth:               15.0000
Mrr:            2.220000E+24
Mtt:           -1.060000E+24
Mpp:           -1.160000E+24
Mrt:            6.800000E+24
Mrp:           -3.910000E+24
Mtp:            1.520000E+24
