 PDE 2009 02 11 22 14 26.70    3.7100  126.6500  25.0 5.9 5.9 TALAUD ISLANDS, INDONESIA
event name:   C200902112214A
time shift:           4.0000
half duration:        2.2000
latitude:             3.8600
longitude:          126.8000
depth:               24.3000
Mrr:            5.520000E+24
Mtt:            2.510000E+24
Mpp:           -8.030000E+24
Mrt:            3.440000E+24
Mrp:            4.050000E+24
Mtp:            1.530000E+24
