 PDE 2007 08 04 14 24 51.70   -4.8000 -105.4100  10.0 6.1 6.0 CENTRAL EAST PACIFIC RISE
event name:   C200708041424A
time shift:           9.6000
half duration:        2.6000
latitude:            -4.6000
longitude:         -105.6800
depth:               15.6000
Mrr:           -2.900000E+23
Mtt:            6.220000E+24
Mpp:           -5.920000E+24
Mrt:            7.600000E+23
Mrp:            2.210000E+24
Mtp:            1.450000E+25
