 PDE 2009 04 14 23 29 33.30  -16.3100 -177.7300  10.0 5.9 5.9 FIJI ISLANDS REGION
event name:   C200904142329A
time shift:           4.9000
half duration:        2.1000
latitude:           -16.2500
longitude:         -177.5200
depth:               12.0000
Mrr:            2.700000E+23
Mtt:           -7.460000E+24
Mpp:            7.190000E+24
Mrt:            5.000000E+22
Mrp:            5.000000E+23
Mtp:            2.180000E+24
