 PDE 2009 07 25 01 42 23.90   -6.4900  154.9700  32.0 5.9 5.9 SOLOMON ISLANDS
event name:   C200907250142A
time shift:           5.7000
half duration:        2.2000
latitude:            -6.7600
longitude:          154.9200
depth:               42.1000
Mrr:            8.880000E+24
Mtt:           -4.680000E+24
Mpp:           -4.200000E+24
Mrt:            4.800000E+23
Mrp:           -1.240000E+24
Mtp:            5.350000E+24
