 PDE 2008 12 23 11 15 18.50   -6.3700  154.9400  32.0 5.9 5.9 SOLOMON ISLANDS
event name:   C200812231115A
time shift:           6.8000
half duration:        2.1000
latitude:            -6.6700
longitude:          154.8000
depth:               45.4000
Mrr:            8.040000E+24
Mtt:           -4.120000E+24
Mpp:           -3.920000E+24
Mrt:            4.100000E+23
Mrp:           -7.600000E+23
Mtp:            4.980000E+24
