 PDE 2005 08 11 09 08 46.80  -22.6800  169.5100  10.0 6.1 6.0 SOUTHEAST OF LOYALTY ISLANDS
event name:   C200508110908A
time shift:           9.0000
half duration:        2.8000
latitude:           -22.0600
longitude:          170.1400
depth:               12.0000
Mrr:           -6.190000E+24
Mtt:            2.880000E+24
Mpp:            3.310000E+24
Mrt:            2.140000E+24
Mrp:           -7.000000E+23
Mtp:            1.940000E+25
