 PDE 2006 09 22 02 32 25.60  -26.8700  -63.1500 598.3 6.0 6.0 SANTIAGO DEL ESTERO PROV., ARG.
event name:   C200609220232A
time shift:           2.2000
half duration:        2.3000
latitude:           -26.8500
longitude:          -63.0500
depth:              602.4000
Mrr:           -7.900000E+24
Mtt:           -4.300000E+23
Mpp:            8.330000E+24
Mrt:           -4.450000E+24
Mrp:            5.450000E+24
Mtp:           -1.430000E+24
