 PDE 2008 01 10 01 37 18.50   43.7800 -127.2800  10.0 6.3 6.3 OFF COAST OF OREGON
event name:   C200801100137A
time shift:           5.1000
half duration:        3.5000
latitude:            43.5100
longitude:         -128.2700
depth:               16.8000
Mrr:           -3.750000E+24
Mtt:           -2.690000E+25
Mpp:            3.060000E+25
Mrt:           -1.560000E+24
Mrp:            3.710000E+24
Mtp:           -2.560000E+25
