 PDE 2008 05 09 21 51 29.70   12.5200  143.1800  76.0 6.8 6.7 SOUTH OF MARIANA ISLANDS
event name:   C200805092151A
time shift:           6.2000
half duration:        5.8000
latitude:            12.3600
longitude:          143.2800
depth:               83.3000
Mrr:           -7.920000E+25
Mtt:           -8.460000E+25
Mpp:            1.640000E+26
Mrt:            8.700000E+25
Mrp:            8.100000E+24
Mtp:            2.500000E+24
