 PDE 2007 07 12 05 23 49.30   -7.9300  -74.3800 152.1 6.0 6.1 PERU-BRAZIL BORDER REGION
event name:   C200707120523A
time shift:           3.3000
half duration:        2.6000
latitude:            -8.0000
longitude:          -74.4200
depth:              156.4000
Mrr:           -6.930000E+24
Mtt:           -5.910000E+24
Mpp:            1.280000E+25
Mrt:            6.490000E+24
Mrp:           -7.950000E+24
Mtp:           -9.000000E+22
