 PDE 2009 01 01 06 27 51.20  -34.8400 -107.6500  10.0 5.8 5.8 SOUTHERN EAST PACIFIC RISE
event name:   C200901010627A
time shift:           5.0000
half duration:        2.0000
latitude:           -35.0700
longitude:         -107.8100
depth:               18.8000
Mrr:           -2.630000E+23
Mtt:           -2.090000E+24
Mpp:            2.350000E+24
Mrt:           -4.670000E+23
Mrp:           -9.640000E+23
Mtp:           -6.520000E+24
