 PDE 2007 03 06 03 49 38.90   -0.4900  100.5000  19.0 6.4 6.4 SOUTHERN SUMATRA, INDONESIA
event name:   C200703060349A
time shift:           5.7000
half duration:        4.0000
latitude:            -0.6500
longitude:          100.5300
depth:               20.9000
Mrr:           -5.460000E+24
Mtt:           -4.360000E+25
Mpp:            4.910000E+25
Mrt:           -5.310000E+24
Mrp:           -9.800000E+23
Mtp:            2.650000E+25
