 PDE 2007 06 16 04 23 57.90   -7.2600  155.5100  10.0 5.8 5.8 SOLOMON ISLANDS
event name:   C200706160424A
time shift:           6.0000
half duration:        2.0000
latitude:            -7.5200
longitude:          155.4900
depth:               12.1000
Mrr:            5.950000E+24
Mtt:           -5.260000E+24
Mpp:           -6.930000E+23
Mrt:            2.720000E+24
Mrp:           -1.730000E+24
Mtp:            3.150000E+24
