 PDE 2005 05 12 11 15 35.30  -57.3800 -139.2300  10.0 6.5 6.2 PACIFIC-ANTARCTIC RIDGE
event name:   C200505121115A
time shift:           5.5000
half duration:        4.2000
latitude:           -57.5700
longitude:         -138.9100
depth:               12.0000
Mrr:            4.690000E+24
Mtt:           -4.340000E+25
Mpp:            3.870000E+25
Mrt:            4.150000E+24
Mrp:            7.230000E+24
Mtp:           -4.480000E+25
