 PDE 2007 07 26 05 40 16.10    2.8700  127.4600  25.0 6.9 6.9 NORTHERN MOLUCCA SEA
event name:   C200707260540A
time shift:           7.9000
half duration:        7.2000
latitude:             2.9500
longitude:          127.4700
depth:               41.9000
Mrr:            2.830000E+26
Mtt:           -4.440000E+25
Mpp:           -2.390000E+26
Mrt:           -9.350000E+25
Mrp:           -5.620000E+25
Mtp:           -1.390000E+26
