 PDE 2006 06 05 06 27 08.00    1.1700  -28.0700  10.0 6.0 6.0 CENTRAL MID-ATLANTIC RIDGE
event name:   C200606050627A
time shift:           7.9000
half duration:        2.5000
latitude:             1.1200
longitude:          -27.8000
depth:               15.6000
Mrr:           -2.060000E+24
Mtt:            3.940000E+24
Mpp:           -1.880000E+24
Mrt:           -1.800000E+23
Mrp:            2.300000E+23
Mtp:           -1.310000E+25
