 PDE 2005 10 11 15 05 39.70    4.8200   95.1000  30.0 5.9 5.3 NORTHERN SUMATRA, INDONESIA
event name:   C200510111505A
time shift:           4.3000
half duration:        2.1000
latitude:             4.4900
longitude:           95.0200
depth:               49.0000
Mrr:            5.680000E+24
Mtt:           -3.380000E+24
Mpp:           -2.300000E+24
Mrt:            3.840000E+24
Mrp:           -3.390000E+24
Mtp:            3.850000E+24
