 PDE 2008 10 05 15 52 49.40   39.5300   73.8200  27.4 6.7 6.9 TAJIKISTAN-XINJIANG BORDER REG.
event name:   C200810051552A
time shift:          11.7000
half duration:        5.4000
latitude:            39.5000
longitude:           73.6400
depth:               12.0000
Mrr:            1.270000E+26
Mtt:           -1.300000E+26
Mpp:            3.400000E+24
Mrt:            3.800000E+25
Mrp:           -6.200000E+24
Mtp:           -4.050000E+25
