 PDE 2009 11 28 18 10 20.60    5.3300  126.2900  38.8 6.1 6.1 MINDANAO, PHILIPPINES
event name:   C200911281810A
time shift:           3.9000
half duration:        2.6000
latitude:             5.3900
longitude:          126.5400
depth:               24.8000
Mrr:            5.360000E+24
Mtt:            3.800000E+24
Mpp:           -9.150000E+24
Mrt:            4.240000E+24
Mrp:            1.310000E+25
Mtp:            2.200000E+23
