 PDE 2006 05 16 15 28 25.90    0.0900   97.0500  12.0 6.8 6.8 NORTHERN SUMATRA, INDONESIA
event name:   C200605161528A
time shift:           5.3000
half duration:        6.2000
latitude:             0.0100
longitude:           96.9800
depth:               13.5000
Mrr:           -1.090000E+26
Mtt:            3.080000E+25
Mpp:            7.820000E+25
Mrt:            6.630000E+25
Mrp:           -7.890000E+25
Mtp:           -1.930000E+26
