 PDE 2009 10 29 17 44 31.20   36.3900   70.7200 202.2 6.2 6.2 HINDU KUSH REGION, AFGHANISTAN
event name:   C200910291744A
time shift:           4.3000
half duration:        3.2000
latitude:            36.3900
longitude:           70.6600
depth:              219.4000
Mrr:            2.100000E+25
Mtt:           -1.850000E+25
Mpp:           -2.540000E+24
Mrt:            1.560000E+25
Mrp:           -1.030000E+25
Mtp:            6.810000E+24
