 PDE 2007 09 30 09 47 52.00  -49.1400  164.1100  18.0 6.6 6.7 AUCKLAND ISLANDS, N.Z. REGION
event name:   C200709300947A
time shift:           6.6000
half duration:        4.9000
latitude:           -49.3600
longitude:          164.0100
depth:               31.2000
Mrr:            5.610000E+25
Mtt:            3.660000E+25
Mpp:           -9.270000E+25
Mrt:            5.500000E+25
Mrp:           -1.140000E+25
Mtp:            2.310000E+25
