 PDE 2006 12 30 08 30 49.80   13.3100   51.3700  15.0 6.6 6.6 EASTERN GULF OF ADEN
event name:   C200612300830A
time shift:          10.9000
half duration:        5.0000
latitude:            13.6700
longitude:           51.4400
depth:               16.0000
Mrr:           -1.370000E+25
Mtt:            9.050000E+25
Mpp:           -7.680000E+25
Mrt:            1.770000E+25
Mrp:            1.320000E+25
Mtp:            6.130000E+25
