 PDE 2008 03 13 13 28 44.80  -45.4900   35.0100  10.0 6.0 6.0 PRINCE EDWARD ISLANDS REGION
event name:   C200803131328A
time shift:           5.4000
half duration:        2.5000
latitude:           -45.3200
longitude:           35.0800
depth:               22.0000
Mrr:           -5.400000E+23
Mtt:            7.470000E+24
Mpp:           -6.940000E+24
Mrt:           -6.400000E+23
Mrp:           -1.280000E+24
Mtp:            1.050000E+25
