 PDE 2005 07 23 08 51 43.60  -30.2500 -178.0700  10.0 6.0 5.6 KERMADEC ISLANDS, NEW ZEALAND
event name:   C200507230851A
time shift:          10.5000
half duration:        2.4000
latitude:           -30.0400
longitude:         -177.6700
depth:               60.6000
Mrr:            1.030000E+25
Mtt:            7.600000E+23
Mpp:           -1.100000E+25
Mrt:           -7.600000E+23
Mrp:            5.070000E+24
Mtp:           -2.420000E+24
