 PDE 2007 10 21 10 24 52.10   -6.3100  154.7700  46.3 5.9 6.0 SOLOMON ISLANDS
event name:   C200710211025A
time shift:           4.4000
half duration:        2.2000
latitude:            -6.5300
longitude:          154.7300
depth:               46.5000
Mrr:            9.320000E+24
Mtt:           -5.400000E+24
Mpp:           -3.920000E+24
Mrt:           -3.000000E+22
Mrp:           -5.500000E+23
Mtp:            5.500000E+24
