 PDE 2005 06 14 17 10 16.60   51.2300  179.4100  51.1 6.8 0.0 RAT ISLANDS, ALEUTIAN ISLANDS
event name:   C200506141710A
time shift:           1.3000
half duration:        5.9000
latitude:            51.1500
longitude:          179.5200
depth:               18.0000
Mrr:            1.000000E+26
Mtt:           -1.030000E+26
Mpp:            2.600000E+24
Mrt:            1.200000E+26
Mrp:            7.260000E+25
Mtp:           -3.360000E+25
