 PDE 2007 04 21 17 53 46.30  -45.2400  -72.6500  36.7 6.2 6.3 SOUTHERN CHILE
event name:   C200704211753A
time shift:           2.0000
half duration:        3.2000
latitude:           -45.4800
longitude:          -72.9500
depth:               12.0000
Mrr:           -9.120000E+24
Mtt:           -1.200000E+24
Mpp:            1.030000E+25
Mrt:            1.850000E+24
Mrp:            2.800000E+24
Mtp:            2.770000E+25
