 PDE 2009 04 16 14 57 06.20  -60.2000  -26.8600  20.0 6.7 6.8 SOUTH SANDWICH ISLANDS REGION
event name:   C200904161457A
time shift:          10.0000
half duration:        5.3000
latitude:           -60.7100
longitude:          -26.5500
depth:               24.0000
Mrr:            1.060000E+26
Mtt:           -2.400000E+25
Mpp:           -8.220000E+25
Mrt:            9.500000E+24
Mrp:            6.430000E+25
Mtp:           -6.160000E+25
