 PDE 2007 09 28 01 01 48.80  -21.2000  169.3600  10.0 6.3 6.4 SOUTHEAST OF LOYALTY ISLANDS
event name:   C200709280101A
time shift:           7.4000
half duration:        3.4000
latitude:           -21.3800
longitude:          169.2000
depth:               19.3000
Mrr:            1.870000E+25
Mtt:           -4.900000E+23
Mpp:           -1.820000E+25
Mrt:            8.720000E+24
Mrp:           -2.480000E+25
Mtp:            9.980000E+24
