 PDE 2006 03 31 01 17 01.00   33.5000   48.7800   7.0 6.1 6.0 WESTERN IRAN
event name:   C200603310117A
time shift:           8.9000
half duration:        2.9000
latitude:            33.7400
longitude:           48.7300
depth:               17.0000
Mrr:           -3.300000E+24
Mtt:           -1.500000E+25
Mpp:            1.830000E+25
Mrt:            2.700000E+24
Mrp:            1.760000E+24
Mtp:           -1.490000E+24
