 PDE 2006 01 31 19 15 51.60    2.7000   96.0700  20.0 5.9 5.5 NORTHERN SUMATRA, INDONESIA
event name:   C200601311915A
time shift:           2.3000
half duration:        2.3000
latitude:             2.3400
longitude:           95.9000
depth:               23.0000
Mrr:            4.630000E+24
Mtt:           -3.350000E+24
Mpp:           -1.280000E+24
Mrt:            4.620000E+24
Mrp:           -4.840000E+24
Mtp:            2.780000E+24
