 PDE 2007 11 18 05 40 12.00  -22.6400  -66.3200 246.4 6.0 6.0 JUJUY PROVINCE, ARGENTINA
event name:   C200711180540A
time shift:           5.5000
half duration:        2.5000
latitude:           -22.6700
longitude:          -66.4800
depth:              262.4000
Mrr:           -6.740000E+24
Mtt:            2.700000E+23
Mpp:            6.470000E+24
Mrt:            2.440000E+24
Mrp:           -1.140000E+25
Mtp:           -6.200000E+23
