 PDE 2007 04 07 09 51 51.60    2.9200   95.7000  30.0 6.1 6.1 OFF W COAST OF NORTHERN SUMATRA
event name:   C200704070951A
time shift:           2.8000
half duration:        2.8000
latitude:             2.7400
longitude:           95.4800
depth:               12.0000
Mrr:            3.860000E+24
Mtt:           -2.650000E+24
Mpp:           -1.210000E+24
Mrt:            1.180000E+25
Mrp:           -1.310000E+25
Mtp:            2.860000E+24
