 PDE 2005 11 28 16 41 32.50   20.2900  146.0400  41.0 6.0 5.9 MARIANA ISLANDS REGION
event name:   C200511281641A
time shift:           1.0000
half duration:        2.4000
latitude:            20.4000
longitude:          146.3000
depth:               16.0000
Mrr:           -7.550000E+24
Mtt:           -2.900000E+23
Mpp:            7.830000E+24
Mrt:           -6.580000E+24
Mrp:            3.120000E+24
Mtp:           -5.870000E+24
