 PDE 2005 04 16 22 41 16.00  -17.6500  -69.6600 118.7 5.8 0.0 PERU-BOLIVIA BORDER REGION
event name:   C200504162241A
time shift:           3.7000
half duration:        2.0000
latitude:           -17.7700
longitude:          -69.9500
depth:              129.6000
Mrr:           -2.650000E+24
Mtt:           -9.680000E+23
Mpp:            3.620000E+24
Mrt:            3.660000E+24
Mrp:           -3.760000E+24
Mtp:           -1.020000E+24
