 PDE 2006 12 07 19 10 21.90   46.1500  154.3900  16.0 6.4 6.3 EAST OF KURIL ISLANDS
event name:   C200612071910A
time shift:           6.0000
half duration:        3.7000
latitude:            46.2400
longitude:          154.4400
depth:               15.4000
Mrr:           -4.190000E+25
Mtt:            2.630000E+25
Mpp:            1.560000E+25
Mrt:            2.740000E+24
Mrp:            6.740000E+24
Mtp:            2.380000E+25
