 PDE 2006 07 23 08 22 04.20   -0.3400  123.2900  28.0 6.0 5.9 MINAHASSA PENINSULA, SULAWESI
event name:   C200607230822A
time shift:           4.4000
half duration:        2.3000
latitude:            -0.4100
longitude:          123.3000
depth:               35.7000
Mrr:            5.510000E+24
Mtt:            2.020000E+24
Mpp:           -7.530000E+24
Mrt:            6.770000E+24
Mrp:           -1.950000E+24
Mtp:           -4.350000E+24
