 PDE 2008 08 08 06 37 41.90   -3.9400  101.0800  23.0 5.8 5.8 SOUTHERN SUMATRA, INDONESIA
event name:   C200808080637A
time shift:           1.5000
half duration:        1.9000
latitude:            -4.2900
longitude:          100.7500
depth:               16.0000
Mrr:            1.780000E+24
Mtt:           -9.340000E+23
Mpp:           -8.510000E+23
Mrt:            5.130000E+24
Mrp:           -3.360000E+24
Mtp:            9.680000E+23
