 PDE 2008 06 05 05 22 26.50  -38.8700  -91.6100   7.0 5.8 5.8 WEST CHILE RISE
event name:   C200806050522A
time shift:           1.6000
half duration:        2.0000
latitude:           -39.0200
longitude:          -91.7200
depth:               12.0000
Mrr:           -3.790000E+23
Mtt:            9.370000E+23
Mpp:           -5.580000E+23
Mrt:           -1.300000E+22
Mrp:           -1.590000E+24
Mtp:           -7.150000E+24
