 PDE 2008 12 19 08 31 51.00   47.0000  -27.2900   2.0 5.8 5.9 NORTHERN MID-ATLANTIC RIDGE
event name:   C200812190831A
time shift:           4.5000
half duration:        2.1000
latitude:            46.9200
longitude:          -27.1300
depth:               12.0000
Mrr:           -7.440000E+24
Mtt:           -1.800000E+23
Mpp:            7.610000E+24
Mrt:            4.700000E+23
Mrp:           -2.000000E+22
Mtp:            7.300000E+23
