 PDE 2007 04 03 20 26 09.60  -20.6300  168.9900  12.0 6.2 6.2 LOYALTY ISLANDS
event name:   C200704032026A
time shift:           8.1000
half duration:        3.0000
latitude:           -20.8100
longitude:          168.7400
depth:               16.5000
Mrr:            1.570000E+25
Mtt:           -3.120000E+24
Mpp:           -1.260000E+25
Mrt:            1.110000E+25
Mrp:           -1.210000E+25
Mtp:            7.290000E+24
