 PDE 2007 04 28 14 02 37.90  -60.7900  -20.2100  10.0 6.0 6.1 EAST OF SOUTH SANDWICH ISLANDS
event name:   C200704281402A
time shift:           4.9000
half duration:        2.6000
latitude:           -61.0400
longitude:          -20.1200
depth:               16.8000
Mrr:           -9.700000E+23
Mtt:           -2.310000E+24
Mpp:            3.290000E+24
Mrt:            1.800000E+24
Mrp:           -1.750000E+24
Mtp:            1.450000E+25
