 PDE 2007 11 22 08 48 27.50   -5.7600  147.1000  53.0 6.8 6.7 EASTERN NEW GUINEA REG., P.N.G.
event name:   C200711220848A
time shift:          11.6000
half duration:        5.8000
latitude:            -5.9600
longitude:          147.0500
depth:               56.4000
Mrr:            1.650000E+26
Mtt:           -1.600000E+26
Mpp:           -5.200000E+24
Mrt:           -7.500000E+24
Mrp:            1.080000E+25
Mtp:            4.530000E+25
