 PDE 2006 09 03 22 57 30.70  -24.0500  178.8200 568.1 5.9 5.9 SOUTH OF FIJI ISLANDS
event name:   C200609032257A
time shift:           2.7000
half duration:        2.2000
latitude:           -23.9200
longitude:          179.0300
depth:              568.8000
Mrr:           -2.350000E+24
Mtt:           -2.480000E+24
Mpp:            4.820000E+24
Mrt:           -5.040000E+24
Mrp:           -6.440000E+24
Mtp:           -2.650000E+24
