 PDE 2008 11 21 07 05 34.90   -8.9500  159.5500 118.0 6.0 6.1 SOLOMON ISLANDS
event name:   C200811210705A
time shift:           1.7000
half duration:        2.5000
latitude:            -8.9700
longitude:          159.7300
depth:              125.5000
Mrr:            1.010000E+25
Mtt:           -4.400000E+24
Mpp:           -5.680000E+24
Mrt:           -6.990000E+24
Mrp:            4.100000E+23
Mtp:            6.080000E+24
