 PDE 2007 03 09 03 22 42.80   43.2200  133.5300 441.2 6.0 6.0 PRIMOR'YE, RUSSIA
event name:   C200703090322A
time shift:           1.3000
half duration:        2.5000
latitude:            43.2200
longitude:          133.6500
depth:              451.1000
Mrr:            3.690000E+24
Mtt:            1.620000E+24
Mpp:           -5.310000E+24
Mrt:           -5.310000E+24
Mrp:           -1.190000E+25
Mtp:           -2.070000E+24
