 PDE 2005 01 14 08 33 14.50   -4.2400  152.7200  10.0 6.1 6.0 NEW BRITAIN REGION, P.N.G.
event name:   C200501140833A
time shift:           7.5000
half duration:        2.7000
latitude:            -4.1800
longitude:          152.7000
depth:               24.6000
Mrr:            2.530000E+24
Mtt:            1.310000E+25
Mpp:           -1.560000E+25
Mrt:           -5.560000E+24
Mrp:            1.090000E+24
Mtp:            5.720000E+24
