 PDE 2005 06 30 21 26 36.00    8.4500  -82.8700  37.6 5.9 5.6 PANAMA-COSTA RICA BORDER REGION
event name:   C200506302126A
time shift:           3.5000
half duration:        2.2000
latitude:             8.4300
longitude:          -82.8200
depth:               26.0000
Mrr:            7.920000E+24
Mtt:           -3.020000E+24
Mpp:           -4.900000E+24
Mrt:            3.090000E+24
Mrp:           -9.600000E+23
Mtp:            5.140000E+24
