 PDE 2005 12 22 12 20 02.90  -54.7200 -135.8700  10.0 6.3 6.2 PACIFIC-ANTARCTIC RIDGE
event name:   C200512221220A
time shift:           8.4000
half duration:        3.6000
latitude:           -54.5700
longitude:         -135.9100
depth:               15.0000
Mrr:           -1.790000E+24
Mtt:            3.040000E+25
Mpp:           -2.860000E+25
Mrt:            6.870000E+24
Mrp:            4.500000E+24
Mtp:            2.930000E+25
