 PDE 2008 05 24 13 24 05.90   -7.1800  156.0700  29.0 5.9 5.9 SOLOMON ISLANDS
event name:   C200805241324A
time shift:           4.7000
half duration:        2.2000
latitude:            -7.3900
longitude:          156.0200
depth:               40.8000
Mrr:            4.700000E+24
Mtt:            2.800000E+23
Mpp:           -4.980000E+24
Mrt:           -1.710000E+24
Mrp:           -4.380000E+24
Mtp:            5.580000E+24
