 PDE 2006 08 20 03 41 47.50  -61.0300  -34.3700  10.0 7.0 7.0 SCOTIA SEA
event name:   C200608200341A
time shift:           8.8000
half duration:        7.6000
latitude:           -61.2700
longitude:          -34.5200
depth:               17.2000
Mrr:           -1.360000E+26
Mtt:            1.170000E+26
Mpp:            1.880000E+25
Mrt:            4.020000E+25
Mrp:            1.800000E+24
Mtp:            3.680000E+26
