 PDE 2008 01 24 22 29 53.10   -6.0300  146.6200  35.0 5.9 5.9 EASTERN NEW GUINEA REG., P.N.G.
event name:   C200801242229A
time shift:           6.4000
half duration:        2.1000
latitude:            -6.2300
longitude:          146.8400
depth:               47.8000
Mrr:            2.010000E+24
Mtt:           -1.750000E+24
Mpp:           -2.640000E+23
Mrt:            5.520000E+24
Mrp:           -1.440000E+24
Mtp:           -4.800000E+24
