 PDE 2007 01 21 17 32 55.50    1.0600  126.3500  23.0 6.2 6.2 NORTHERN MOLUCCA SEA
event name:   C200701211732A
time shift:           6.4000
half duration:        3.0000
latitude:             1.1700
longitude:          126.4900
depth:               24.0000
Mrr:            2.090000E+25
Mtt:           -3.760000E+24
Mpp:           -1.720000E+25
Mrt:            4.200000E+23
Mrp:           -3.920000E+24
Mtp:           -1.180000E+25
