 PDE 2007 07 21 13 27 04.40   -8.1300  -71.2700 644.9 6.0 6.1 WESTERN BRAZIL
event name:   C200707211327A
time shift:           1.1000
half duration:        2.5000
latitude:            -8.0800
longitude:          -71.3000
depth:              637.5000
Mrr:           -7.980000E+24
Mtt:           -9.100000E+23
Mpp:            8.900000E+24
Mrt:           -3.770000E+24
Mrp:            1.060000E+25
Mtp:           -2.500000E+23
