 PDE 2008 07 19 09 27 01.50  -11.0400  164.4900  11.0 6.6 6.6 SANTA CRUZ ISLANDS REGION
event name:   C200807190927A
time shift:           6.1000
half duration:        4.7000
latitude:           -11.1200
longitude:          164.4700
depth:               13.5000
Mrr:           -8.480000E+25
Mtt:            3.350000E+25
Mpp:            5.120000E+25
Mrt:           -1.060000E+25
Mrp:            1.570000E+25
Mtp:            4.960000E+25
