 PDE 2005 11 09 11 33 13.20   -1.0200  -76.9400 248.3 5.9 0.0 ECUADOR
event name:   C200511091133A
time shift:           3.1000
half duration:        2.1000
latitude:            -1.2000
longitude:          -77.1000
depth:              247.4000
Mrr:           -2.050000E+24
Mtt:           -3.200000E+22
Mpp:            2.080000E+24
Mrt:            5.850000E+24
Mrp:           -4.480000E+24
Mtp:           -2.100000E+24
