 PDE 2006 02 16 14 54 39.00  -15.9800 -173.0200  10.0 5.8 5.8 TONGA ISLANDS
event name:   C200602161454A
time shift:           6.0000
half duration:        2.0000
latitude:           -16.0000
longitude:         -172.4600
depth:               15.0000
Mrr:            4.670000E+24
Mtt:            1.340000E+23
Mpp:           -4.800000E+24
Mrt:            1.420000E+24
Mrp:            4.610000E+24
Mtp:           -8.280000E+23
