 PDE 2009 11 08 19 41 43.40   -8.2100  118.6300  18.0 6.6 6.6 SUMBAWA REGION, INDONESIA
event name:   C200911081941A
time shift:           7.3000
half duration:        5.0000
latitude:            -8.2300
longitude:          118.7200
depth:               21.3000
Mrr:            7.690000E+25
Mtt:           -8.200000E+25
Mpp:            5.100000E+24
Mrt:           -6.500000E+25
Mrp:           -2.860000E+25
Mtp:           -1.650000E+25
