 PDE 2006 10 01 09 06 02.30   46.4700  153.2400  19.0 6.5 6.6 KURIL ISLANDS
event name:   C200610010906A
time shift:           7.2000
half duration:        4.6000
latitude:            46.3800
longitude:          153.6400
depth:               12.8000
Mrr:            6.650000E+25
Mtt:           -2.390000E+25
Mpp:           -4.260000E+25
Mrt:            2.170000E+25
Mrp:            3.960000E+25
Mtp:           -3.780000E+25
