 PDE 2007 04 04 06 34 38.10   -7.7800  156.4900  31.2 6.4 6.4 SOLOMON ISLANDS
event name:   C200704040634A
time shift:           3.6000
half duration:        3.9000
latitude:            -7.9400
longitude:          156.5500
depth:               25.8000
Mrr:            3.610000E+25
Mtt:           -7.190000E+24
Mpp:           -2.890000E+25
Mrt:            6.910000E+24
Mrp:           -3.080000E+25
Mtp:            2.170000E+25
