 PDE 2009 07 01 09 30 10.40   34.1600   25.4700  19.0 6.4 6.4 CRETE, GREECE
event name:   C200907010930A
time shift:           9.7000
half duration:        4.1000
latitude:            34.0000
longitude:           25.5000
depth:               12.0000
Mrr:            4.700000E+25
Mtt:           -5.110000E+25
Mpp:            4.060000E+24
Mrt:            2.880000E+25
Mrp:            2.390000E+24
Mtp:            1.410000E+25
