 PDE 2009 06 06 20 33 28.80   23.8600  -46.1000  14.0 6.0 6.0 NORTHERN MID-ATLANTIC RIDGE
event name:   C200906062033A
time shift:           4.2000
half duration:        2.4000
latitude:            23.9400
longitude:          -46.1200
depth:               12.0000
Mrr:            1.220000E+24
Mtt:           -5.480000E+24
Mpp:            4.260000E+24
Mrt:            8.300000E+23
Mrp:            1.710000E+24
Mtp:           -1.140000E+25
