 PDE 2005 04 10 17 24 39.40   -1.5900   99.7200  30.0 6.1 6.2 SOUTHERN SUMATRA, INDONESIA
event name:   C200504101724A
time shift:           0.4000
half duration:        2.8000
latitude:            -1.6600
longitude:           99.5800
depth:               17.0000
Mrr:            6.280000E+24
Mtt:           -4.500000E+24
Mpp:           -1.780000E+24
Mrt:           -1.620000E+25
Mrp:            8.080000E+24
Mtp:            3.660000E+24
