 PDE 2009 12 24 00 23 33.40   42.2300  134.7000 410.9 6.3 6.3 PRIMOR'YE, RUSSIA
event name:   C200912240023A
time shift:           3.0000
half duration:        3.5000
latitude:            42.1200
longitude:          134.9300
depth:              390.4000
Mrr:            5.520000E+24
Mtt:            4.800000E+23
Mpp:           -6.000000E+24
Mrt:           -2.010000E+24
Mrp:           -3.490000E+25
Mtp:           -1.550000E+25
