 PDE 2007 09 13 20 06 38.90  -57.6200 -147.3000  10.0 6.0 5.9 PACIFIC-ANTARCTIC RIDGE
event name:   C200709132006A
time shift:           3.6000
half duration:        2.3000
latitude:           -57.8700
longitude:         -147.2700
depth:               13.9000
Mrr:           -9.400000E+23
Mtt:            9.140000E+24
Mpp:           -8.200000E+24
Mrt:           -3.100000E+23
Mrp:            5.800000E+23
Mtp:            5.930000E+24
