 PDE 2006 03 24 12 27 05.40   -3.2400  143.1400  12.0 6.1 5.8 NEAR N COAST OF NEW GUINEA, PNG.
event name:   C200603241227A
time shift:           5.8000
half duration:        2.8000
latitude:            -3.1200
longitude:          143.0900
depth:               12.0000
Mrr:            8.700000E+24
Mtt:           -7.400000E+24
Mpp:           -1.300000E+24
Mrt:           -3.490000E+24
Mrp:            1.280000E+25
Mtp:            9.290000E+24
