 PDE 2007 05 07 11 15 16.20  -44.8500  -80.4500  10.0 6.0 6.1 OFF COAST OF SOUTHERN CHILE
event name:   C200705071115A
time shift:           1.9000
half duration:        2.5000
latitude:           -45.0000
longitude:          -81.2100
depth:               20.3000
Mrr:           -9.300000E+23
Mtt:            5.020000E+24
Mpp:           -4.090000E+24
Mrt:            7.300000E+23
Mrp:            3.400000E+23
Mtp:           -1.210000E+25
