 PDE 2008 12 08 18 39 09.30  -53.0000  106.8200  10.0 6.3 6.3 SOUTHEAST INDIAN RIDGE
event name:   C200812081839A
time shift:           6.5000
half duration:        3.5000
latitude:           -53.0900
longitude:          106.7600
depth:               20.8000
Mrr:           -3.500000E+25
Mtt:            1.190000E+24
Mpp:            3.380000E+25
Mrt:           -6.460000E+24
Mrp:            2.740000E+24
Mtp:           -7.700000E+24
