 PDE 2006 08 11 20 54 14.40    2.4000   96.3500  22.0 6.2 6.2 NORTHERN SUMATRA, INDONESIA
event name:   C200608112054A
time shift:           2.9000
half duration:        3.2000
latitude:             2.1000
longitude:           96.1800
depth:               20.6000
Mrr:            8.560000E+24
Mtt:           -5.570000E+24
Mpp:           -2.990000E+24
Mrt:            1.460000E+25
Mrp:           -1.420000E+25
Mtp:            5.390000E+24
