 PDE 2006 05 22 11 12 00.40   60.7700  165.7400  16.5 6.6 6.7 EASTERN SIBERIA, RUSSIA
event name:   C200605221112A
time shift:           5.4000
half duration:        4.9000
latitude:            60.8600
longitude:          165.8100
depth:               12.0000
Mrr:            1.960000E+25
Mtt:           -6.660000E+25
Mpp:            4.700000E+25
Mrt:            9.700000E+24
Mrp:           -6.600000E+24
Mtp:            8.700000E+25
