 PDE 2006 06 11 20 01 26.30   33.1300  131.1400 139.8 6.3 6.3 KYUSHU, JAPAN
event name:   C200606112001A
time shift:           4.8000
half duration:        3.7000
latitude:            33.1500
longitude:          131.3400
depth:              144.5000
Mrr:            2.850000E+25
Mtt:           -8.000000E+23
Mpp:           -2.770000E+25
Mrt:            2.380000E+25
Mrp:            1.560000E+25
Mtp:           -1.340000E+25
