 PDE 2009 05 16 18 22 25.30   56.4400 -152.4300   9.7 5.9 5.9 KODIAK ISLAND REGION, ALASKA
event name:   C200905161822A
time shift:          10.4000
half duration:        2.2000
latitude:            56.1100
longitude:         -152.0100
depth:               12.0000
Mrr:            3.910000E+24
Mtt:           -2.800000E+24
Mpp:           -1.100000E+24
Mrt:            6.850000E+24
Mrp:            3.770000E+24
Mtp:           -2.100000E+24
