 PDE 2007 09 03 16 14 53.60   45.8400  150.0600  94.0 6.2 6.2 KURIL ISLANDS
event name:   C200709031614A
time shift:           1.9000
half duration:        3.0000
latitude:            45.7700
longitude:          150.3300
depth:              100.3000
Mrr:            7.600000E+24
Mtt:            1.600000E+25
Mpp:           -2.360000E+25
Mrt:            1.100000E+25
Mrp:           -3.840000E+24
Mtp:           -4.130000E+24
