 PDE 2008 02 12 12 50 18.50   16.3600  -94.3000  83.0 6.5 6.4 OAXACA, MEXICO
event name:   C200802121250A
time shift:           2.2000
half duration:        4.2000
latitude:            16.3500
longitude:          -94.5100
depth:               87.1000
Mrr:           -4.470000E+25
Mtt:           -2.180000E+24
Mpp:            4.690000E+25
Mrt:            2.730000E+25
Mrp:           -1.810000E+25
Mtp:           -2.840000E+25
