 PDE 2006 11 12 18 21 26.10   -6.2200  151.0500  12.0 6.2 6.2 NEW BRITAIN REGION, P.N.G.
event name:   C200611121821A
time shift:           5.0000
half duration:        3.1000
latitude:            -6.4000
longitude:          151.2600
depth:               20.2000
Mrr:            1.740000E+25
Mtt:            9.280000E+24
Mpp:           -2.660000E+25
Mrt:            6.830000E+24
Mrp:            1.980000E+24
Mtp:            7.020000E+24
