 PDE 2008 12 10 13 15 34.40  -12.3400  166.5700  51.0 6.0 6.0 SANTA CRUZ ISLANDS
event name:   C200812101315A
time shift:           4.8000
half duration:        2.4000
latitude:           -12.3300
longitude:          166.3200
depth:               67.2000
Mrr:            9.430000E+24
Mtt:           -9.280000E+24
Mpp:           -1.600000E+23
Mrt:           -6.540000E+24
Mrp:           -1.230000E+24
Mtp:            3.430000E+24
