 PDE 2007 07 23 00 08 32.60   -4.4700  149.8500 571.7 5.9 5.9 BISMARCK SEA
event name:   C200707230008A
time shift:           1.4000
half duration:        2.1000
latitude:            -4.4500
longitude:          150.0100
depth:              562.2000
Mrr:           -1.490000E+24
Mtt:           -2.950000E+24
Mpp:            4.440000E+24
Mrt:           -1.700000E+24
Mrp:           -5.460000E+24
Mtp:           -4.780000E+24
