 PDE 2008 04 09 11 13 17.20  -20.1700  168.8600  13.0 6.3 6.4 LOYALTY ISLANDS
event name:   C200804091113A
time shift:           9.0000
half duration:        3.5000
latitude:           -20.3300
longitude:          168.6200
depth:               21.0000
Mrr:            3.020000E+25
Mtt:           -3.400000E+24
Mpp:           -2.680000E+25
Mrt:            1.020000E+25
Mrp:           -2.000000E+25
Mtp:            1.270000E+25
