 PDE 2009 10 15 12 11 16.40   -3.0600  139.5400 105.7 6.0 6.0 IRIAN JAYA, INDONESIA
event name:   C200910151211A
time shift:           3.4000
half duration:        2.5000
latitude:            -3.0400
longitude:          139.4500
depth:              105.1000
Mrr:            2.780000E+24
Mtt:           -1.090000E+25
Mpp:            8.070000E+24
Mrt:           -6.580000E+24
Mrp:            2.950000E+24
Mtp:           -5.820000E+24
