 PDE 2008 05 27 05 51 12.10  -56.6000  147.4100  10.0 5.8 5.9 WEST OF MACQUARIE ISLAND
event name:   C200805270551A
time shift:           3.6000
half duration:        2.0000
latitude:           -56.6800
longitude:          147.3700
depth:               12.0000
Mrr:           -6.070000E+23
Mtt:            3.690000E+24
Mpp:           -3.090000E+24
Mrt:            1.270000E+24
Mrp:            3.640000E+23
Mtp:           -6.260000E+24
