 PDE 2006 05 07 14 17 35.20  -36.8100   78.5400  10.0 6.1 6.1 MID-INDIAN RIDGE
event name:   C200605071417A
time shift:           8.1000
half duration:        2.7000
latitude:           -36.8300
longitude:           78.3700
depth:               12.0000
Mrr:           -4.400000E+23
Mtt:           -1.670000E+25
Mpp:            1.710000E+25
Mrt:           -1.190000E+24
Mrp:            4.250000E+24
Mtp:            3.800000E+23
