 PDE 2007 06 13 19 29 40.20   13.5500  -90.6200  23.0 6.7 6.7 NEAR COAST OF GUATEMALA
event name:   C200706131929A
time shift:           7.2000
half duration:        5.3000
latitude:            13.4300
longitude:          -91.2200
depth:               31.6000
Mrr:            1.070000E+26
Mtt:           -9.150000E+25
Mpp:           -1.520000E+25
Mrt:            4.800000E+25
Mrp:           -4.310000E+25
Mtp:            4.570000E+25
