 PDE 2005 09 29 15 50 24.00   -5.4400  151.8400  25.0 6.6 6.6 NEW BRITAIN REGION, P.N.G.
event name:   C200509291550A
time shift:           8.8000
half duration:        5.0000
latitude:            -5.6900
longitude:          152.0800
depth:               30.0000
Mrr:            7.480000E+25
Mtt:           -6.160000E+25
Mpp:           -1.310000E+25
Mrt:            5.960000E+25
Mrp:            3.730000E+25
Mtp:           -3.350000E+25
