 PDE 2008 04 19 03 12 25.20   -7.8200  125.6900  13.0 6.1 6.1 BANDA SEA
event name:   C200804190312A
time shift:           6.5000
half duration:        2.7000
latitude:            -7.8200
longitude:          125.7200
depth:               14.5000
Mrr:            3.090000E+24
Mtt:           -2.600000E+24
Mpp:           -4.900000E+23
Mrt:           -2.760000E+24
Mrp:           -7.360000E+24
Mtp:           -1.420000E+25
