 PDE 2005 02 07 20 02 17.70   -4.5300  153.1900  36.5 6.1 5.8 NEW IRELAND REGION, P.N.G.
event name:   C200502072002A
time shift:           6.4000
half duration:        2.6000
latitude:            -4.5300
longitude:          153.1900
depth:               54.0000
Mrr:            6.600000E+23
Mtt:            1.700000E+23
Mpp:           -8.200000E+23
Mrt:           -5.120000E+24
Mrp:           -1.170000E+25
Mtp:           -1.060000E+25
