 PDE 2008 07 28 21 40 47.40  -10.5800  163.1000  10.0 6.0 6.0 SOLOMON ISLANDS
event name:   C200807282140A
time shift:           1.8000
half duration:        2.3000
latitude:           -10.5000
longitude:          163.4300
depth:               17.1000
Mrr:           -2.230000E+24
Mtt:            8.860000E+24
Mpp:           -6.630000E+24
Mrt:            2.400000E+23
Mrp:           -2.790000E+24
Mtp:            6.870000E+24
