 PDE 2007 09 13 09 48 46.40    3.8000  126.3300  35.0 6.3 6.3 TALAUD ISLANDS, INDONESIA
event name:   C200709130948A
time shift:           2.2000
half duration:        3.3000
latitude:             3.8600
longitude:          126.5000
depth:               22.5000
Mrr:            1.030000E+25
Mtt:            2.210000E+25
Mpp:           -3.240000E+25
Mrt:           -1.410000E+25
Mrp:            5.740000E+24
Mtp:            7.700000E+23
