 PDE 2008 03 02 05 11 44.60   51.8600 -179.3100  21.4 5.8 5.8 ANDREANOF ISLANDS, ALEUTIAN IS.
event name:   C200803020511A
time shift:           1.3000
half duration:        2.0000
latitude:            51.7600
longitude:         -179.2700
depth:               12.0000
Mrr:           -1.750000E+23
Mtt:            4.690000E+24
Mpp:           -4.520000E+24
Mrt:            1.250000E+24
Mrp:           -1.530000E+24
Mtp:           -4.020000E+24
