 PDE 2007 11 29 03 26 22.70  -36.7600  -97.4000  10.0 6.3 6.3 WEST CHILE RISE
event name:   C200711290326A
time shift:          15.4000
half duration:        3.6000
latitude:           -36.4300
longitude:          -98.3500
depth:               24.5000
Mrr:           -1.880000E+24
Mtt:           -3.350000E+24
Mpp:            5.230000E+24
Mrt:            1.020000E+24
Mrp:           -1.580000E+24
Mtp:           -4.130000E+25
