 PDE 2007 06 07 00 40 38.10   -3.3200  146.7600   4.7 6.2 6.2 BISMARCK SEA
event name:   C200706070040A
time shift:           6.8000
half duration:        3.1000
latitude:            -3.3200
longitude:          146.8500
depth:               12.0000
Mrr:            8.700000E+23
Mtt:           -4.450000E+24
Mpp:            3.570000E+24
Mrt:           -3.220000E+24
Mrp:           -5.140000E+24
Mtp:            2.580000E+25
