 PDE 2008 09 01 04 00 39.40  -25.3900 -177.6400 171.1 6.0 6.0 SOUTH OF FIJI ISLANDS
event name:   C200809010400A
time shift:           1.4000
half duration:        2.4000
latitude:           -25.5100
longitude:         -177.2500
depth:              172.3000
Mrr:            1.170000E+24
Mtt:           -3.040000E+24
Mpp:            1.870000E+24
Mrt:           -7.820000E+24
Mrp:           -8.370000E+24
Mtp:           -3.320000E+24
