 PDE 2008 12 25 08 11 58.80   49.1300 -128.6200  10.0 5.8 5.8 VANCOUVER ISLAND, CANADA REGION
event name:   C200812250811A
time shift:           1.0000
half duration:        2.0000
latitude:            48.7800
longitude:         -129.0600
depth:               12.0000
Mrr:           -7.710000E+23
Mtt:           -6.280000E+24
Mpp:            7.050000E+24
Mrt:           -3.430000E+23
Mrp:            3.100000E+23
Mtp:           -5.700000E+23
