 PDE 2008 02 23 15 57 19.80  -57.3300  -23.4200  10.0 6.8 6.7 SOUTH SANDWICH ISLANDS REGION
event name:   C200802231557A
time shift:           9.0000
half duration:        5.8000
latitude:           -57.1200
longitude:          -23.1300
depth:               12.0000
Mrr:           -9.730000E+25
Mtt:           -8.780000E+25
Mpp:            1.850000E+26
Mrt:           -2.990000E+25
Mrp:            4.210000E+25
Mtp:           -6.890000E+25
