 PDE 2008 12 09 17 28 58.60  -15.9300  168.1700 224.1 6.0 6.0 VANUATU ISLANDS
event name:   C200812091728A
time shift:           3.3000
half duration:        2.6000
latitude:           -15.9800
longitude:          168.0400
depth:              236.7000
Mrr:            5.600000E+24
Mtt:           -8.020000E+24
Mpp:            2.420000E+24
Mrt:           -1.010000E+25
Mrp:           -4.580000E+24
Mtp:            6.000000E+24
