 PDE 2007 11 20 12 52 59.00   -6.9100  155.6700  52.6 6.0 6.0 SOLOMON ISLANDS
event name:   C200711201252A
time shift:           4.8000
half duration:        2.5000
latitude:            -7.0400
longitude:          155.7500
depth:               60.0000
Mrr:            1.090000E+25
Mtt:           -1.350000E+25
Mpp:            2.620000E+24
Mrt:           -8.200000E+23
Mrp:            3.470000E+24
Mtp:            1.220000E+24
