 PDE 2006 11 15 21 22 21.50   47.2800  154.1500  12.0 5.9 6.1 KURIL ISLANDS
event name:   C200611152122A
time shift:           4.3000
half duration:        2.1000
latitude:            47.2200
longitude:          154.5600
depth:               22.9000
Mrr:           -1.350000E+23
Mtt:            1.190000E+24
Mpp:           -1.060000E+24
Mrt:            4.580000E+24
Mrp:            6.240000E+24
Mtp:            7.130000E+23
