 PDE 2007 11 16 03 13 00.10   -2.3100  -77.8400 122.9 6.8 6.8 PERU-ECUADOR BORDER REGION
event name:   C200711160312A
time shift:           4.8000
half duration:        5.9000
latitude:            -2.5000
longitude:          -78.0000
depth:              114.3000
Mrr:           -1.020000E+26
Mtt:            5.000000E+24
Mpp:            9.660000E+25
Mrt:            1.130000E+26
Mrp:           -6.340000E+25
Mtp:           -7.520000E+25
