 PDE 2009 01 18 14 11 48.90  -30.2000 -177.9500  33.0 6.4 6.4 KERMADEC ISLANDS, NEW ZEALAND
event name:   C200901181411A
time shift:           6.7000
half duration:        3.8000
latitude:           -30.0600
longitude:         -177.5800
depth:               52.0000
Mrr:            4.070000E+25
Mtt:            5.200000E+23
Mpp:           -4.120000E+25
Mrt:            4.630000E+24
Mrp:            1.820000E+25
Mtp:           -1.070000E+25
