 PDE 2005 12 12 21 47 46.10   36.3600   71.0900 224.6 6.5 0.0 AFGHANISTAN-TAJIKISTAN BORD REG.
event name:   C200512122147A
time shift:           2.3000
half duration:        4.6000
latitude:            36.4500
longitude:           71.0600
depth:              210.2000
Mrr:            7.610000E+25
Mtt:           -8.210000E+25
Mpp:            6.000000E+24
Mrt:            1.660000E+25
Mrp:            1.340000E+25
Mtp:           -9.000000E+23
