 PDE 2008 01 05 11 01 05.30   51.2600 -130.7500  10.0 6.6 6.6 QUEEN CHARLOTTE ISLANDS REGION
event name:   C200801051101A
time shift:           6.1000
half duration:        4.8000
latitude:            51.1100
longitude:         -131.2400
depth:               12.0000
Mrr:           -6.700000E+24
Mtt:           -8.310000E+25
Mpp:            8.980000E+25
Mrt:            1.900000E+25
Mrp:           -4.000000E+23
Mtp:            3.790000E+25
