 PDE 2009 11 17 15 30 45.40   52.1300 -131.4000   3.3 6.6 6.6 QUEEN CHARLOTTE ISLANDS REGION
event name:   C200911171530A
time shift:          10.0000
half duration:        4.7000
latitude:            51.9300
longitude:         -131.6700
depth:               15.6000
Mrr:            9.810000E+24
Mtt:           -2.990000E+25
Mpp:            2.010000E+25
Mrt:            2.140000E+25
Mrp:           -2.550000E+25
Mtp:            8.320000E+25
