 PDE 2009 10 10 21 24 38.50   47.8500  152.4600 112.0 5.9 6.0 KURIL ISLANDS
event name:   C200910102124A
time shift:           5.5000
half duration:        2.3000
latitude:            47.7700
longitude:          152.7900
depth:              125.6000
Mrr:           -8.300000E+23
Mtt:           -1.340000E+24
Mpp:            2.170000E+24
Mrt:           -4.650000E+24
Mrp:           -8.710000E+24
Mtp:           -9.100000E+23
