 PDE 2007 01 17 04 28 26.70   -3.3200  139.8300 100.8 6.0 6.0 IRIAN JAYA, INDONESIA
event name:   C200701170428A
time shift:           2.5000
half duration:        2.4000
latitude:            -3.2800
longitude:          139.8900
depth:              102.1000
Mrr:            8.710000E+24
Mtt:           -1.100000E+25
Mpp:            2.330000E+24
Mrt:           -5.940000E+24
Mrp:            2.810000E+24
Mtp:            3.900000E+23
