 PDE 2005 07 30 11 03 49.10  -61.4700  154.2500  10.0 6.0 5.7 BALLENY ISLANDS REGION
event name:   C200507301103A
time shift:           8.5000
half duration:        2.5000
latitude:           -61.5000
longitude:          154.2100
depth:               13.7000
Mrr:           -1.200000E+24
Mtt:            1.120000E+25
Mpp:           -1.000000E+25
Mrt:            1.200000E+23
Mrp:            1.770000E+24
Mtp:           -8.460000E+24
