 PDE 2006 08 16 16 53 49.40  -58.8900  149.1500  10.0 5.9 5.9 WEST OF MACQUARIE ISLAND
event name:   C200608161653A
time shift:           7.0000
half duration:        2.3000
latitude:           -58.7700
longitude:          148.7300
depth:               13.5000
Mrr:           -9.000000E+22
Mtt:            5.360000E+24
Mpp:           -5.260000E+24
Mrt:           -7.800000E+23
Mrp:            8.800000E+23
Mtp:           -8.330000E+24
