 PDE 2007 08 20 13 46 17.40    6.1300  127.3800   8.0 6.4 6.5 PHILIPPINE ISLANDS REGION
event name:   C200708201346A
time shift:           6.5000
half duration:        3.9000
latitude:             6.1900
longitude:          127.7200
depth:               12.0000
Mrr:           -5.120000E+25
Mtt:            4.940000E+24
Mpp:            4.630000E+25
Mrt:            4.210000E+24
Mrp:           -7.500000E+24
Mtp:           -1.710000E+25
