 PDE 2008 07 19 02 39 28.70   37.5500  142.2100  22.0 6.9 7.0 OFF EAST COAST OF HONSHU, JAPAN
event name:   C200807190239A
time shift:           6.1000
half duration:        7.0000
latitude:            37.4700
longitude:          142.4200
depth:               21.8000
Mrr:            1.530000E+26
Mtt:           -1.720000E+25
Mpp:           -1.350000E+26
Mrt:            9.560000E+25
Mrp:            2.310000E+26
Mtp:           -5.350000E+25
