 PDE 2009 08 18 21 20 47.50  -26.0600 -178.3900 269.8 6.3 6.3 SOUTH OF FIJI ISLANDS
event name:   C200908182120A
time shift:           3.7000
half duration:        3.5000
latitude:           -25.9900
longitude:         -178.0800
depth:              277.3000
Mrr:           -4.810000E+24
Mtt:           -3.060000E+25
Mpp:            3.540000E+25
Mrt:           -1.290000E+25
Mrp:           -4.010000E+24
Mtp:            3.860000E+24
