 PDE 2008 05 07 16 45 20.30   36.1600  141.5200  39.1 6.8 6.8 NEAR EAST COAST OF HONSHU, JAPAN
event name:   C200805071645A
time shift:           6.8000
half duration:        6.5000
latitude:            36.1800
longitude:          141.6100
depth:               26.3000
Mrr:            1.120000E+26
Mtt:           -1.140000E+25
Mpp:           -1.010000E+26
Mrt:            7.850000E+25
Mrp:            1.910000E+26
Mtp:           -4.670000E+25
