 PDE 2008 12 06 10 55 27.10   -7.4000  124.7400 405.4 6.4 6.4 BANDA SEA
event name:   C200812061055A
time shift:           4.4000
half duration:        3.9000
latitude:            -7.4400
longitude:          124.8400
depth:              407.0000
Mrr:           -4.830000E+25
Mtt:            3.500000E+25
Mpp:            1.330000E+25
Mrt:           -9.220000E+24
Mrp:            3.790000E+25
Mtp:            1.200000E+24
