 PDE 2005 11 21 15 36 31.00   31.0200  130.0000 145.0 6.2 0.0 KYUSHU, JAPAN
event name:   C200511211536A
time shift:           2.5000
half duration:        2.9000
latitude:            30.9700
longitude:          130.3100
depth:              155.0000
Mrr:            5.180000E+24
Mtt:           -2.800000E+24
Mpp:           -2.380000E+24
Mrt:           -1.400000E+23
Mrp:            2.020000E+25
Mtp:           -5.590000E+24
