 PDE 2005 09 29 18 23 26.00   -5.5600  151.8700  28.0 6.2 6.0 NEW BRITAIN REGION, P.N.G.
event name:   C200509291823A
time shift:           4.3000
half duration:        2.9000
latitude:            -5.7400
longitude:          152.1500
depth:               27.0000
Mrr:            1.460000E+25
Mtt:           -1.480000E+25
Mpp:            2.900000E+23
Mrt:            1.460000E+25
Mrp:            4.490000E+24
Mtp:           -3.720000E+24
