 PDE 2008 05 15 14 23 28.80  -57.9100  -25.4800  35.0 5.9 5.9 SOUTH SANDWICH ISLANDS REGION
event name:   C200805151423A
time shift:           4.5000
half duration:        2.3000
latitude:           -58.1400
longitude:          -25.1900
depth:               36.8000
Mrr:           -2.110000E+24
Mtt:            6.010000E+24
Mpp:           -3.900000E+24
Mrt:           -6.210000E+24
Mrp:            4.120000E+24
Mtp:            3.940000E+24
