 PDE 2005 01 09 22 12 56.50    4.9300   95.1100  40.0 6.0 5.8 NORTHERN SUMATRA, INDONESIA
event name:   C200501092212A
time shift:           3.8000
half duration:        2.3000
latitude:             4.6300
longitude:           94.9400
depth:               46.0000
Mrr:            7.470000E+24
Mtt:           -4.210000E+24
Mpp:           -3.260000E+24
Mrt:            5.870000E+24
Mrp:           -5.580000E+24
Mtp:            4.730000E+24
