 PDE 2006 11 15 11 40 55.10   46.4800  154.7300  10.0 6.7 0.0 EAST OF KURIL ISLANDS
event name:   C200611151140A
time shift:           5.1000
half duration:        5.4000
latitude:            46.4700
longitude:          154.8300
depth:               23.3000
Mrr:           -1.470000E+26
Mtt:            7.240000E+25
Mpp:            7.490000E+25
Mrt:           -1.940000E+25
Mrp:            2.670000E+25
Mtp:            4.400000E+25
