 PDE 2009 02 12 08 30 17.30    3.9700  126.7200  35.0 6.0 6.0 TALAUD ISLANDS, INDONESIA
event name:   C200902120830A
time shift:           2.8000
half duration:        2.3000
latitude:             4.1000
longitude:          126.8800
depth:               25.5000
Mrr:            9.650000E+24
Mtt:            1.310000E+24
Mpp:           -1.100000E+25
Mrt:           -1.770000E+24
Mrp:            2.180000E+24
Mtp:            9.100000E+23
