 PDE 2007 12 15 08 03 15.80   -7.5300  127.4700 175.9 6.0 6.0 BANDA SEA
event name:   C200712150803A
time shift:           2.1000
half duration:        2.4000
latitude:            -7.7500
longitude:          127.5900
depth:              175.8000
Mrr:            1.140000E+25
Mtt:           -9.440000E+24
Mpp:           -1.940000E+24
Mrt:            3.790000E+24
Mrp:            4.470000E+24
Mtp:            4.300000E+24
