 PDE 2008 07 08 07 42 10.70   27.5300  128.3300  43.0 6.0 6.0 RYUKYU ISLANDS, JAPAN
event name:   C200807080742A
time shift:           2.8000
half duration:        2.4000
latitude:            27.3100
longitude:          128.6500
depth:               51.0000
Mrr:            1.050000E+25
Mtt:           -3.950000E+24
Mpp:           -6.510000E+24
Mrt:            3.160000E+24
Mrp:            3.320000E+24
Mtp:           -5.580000E+24
