 PDE 2007 12 26 22 04 56.20   52.5800 -168.2000  35.4 6.4 6.4 FOX ISLANDS, ALEUTIAN ISLANDS
event name:   C200712262204A
time shift:           4.7000
half duration:        3.7000
latitude:            52.2100
longitude:         -168.1000
depth:               14.2000
Mrr:            2.920000E+25
Mtt:           -2.290000E+25
Mpp:           -6.350000E+24
Mrt:            2.770000E+25
Mrp:            1.510000E+25
Mtp:           -1.210000E+25
