 PDE 2006 05 08 09 16 57.90   -4.8400  102.3600  42.8 5.9 5.9 SOUTHERN SUMATRA, INDONESIA
event name:   C200605080916A
time shift:           1.4000
half duration:        2.1000
latitude:            -5.2400
longitude:          102.0800
depth:               39.2000
Mrr:            4.980000E+24
Mtt:           -4.100000E+24
Mpp:           -8.780000E+23
Mrt:            4.770000E+24
Mrp:           -2.090000E+24
Mtp:            3.790000E+24
