 PDE 2008 09 29 15 19 31.60  -29.7600 -177.6800  36.0 7.0 7.0 KERMADEC ISLANDS, NEW ZEALAND
event name:   C200809291519A
time shift:          11.3000
half duration:        8.0000
latitude:           -29.8500
longitude:         -177.4600
depth:               51.1000
Mrr:            3.950000E+26
Mtt:           -2.280000E+25
Mpp:           -3.720000E+26
Mrt:            4.640000E+25
Mrp:            1.930000E+26
Mtp:           -1.100000E+26
