 PDE 2006 07 30 01 20 59.20   26.8600 -111.2100  10.0 5.9 5.9 GULF OF CALIFORNIA
event name:   C200607300121A
time shift:           2.2000
half duration:        2.2000
latitude:            26.8700
longitude:         -111.3600
depth:               22.9000
Mrr:           -3.000000E+23
Mtt:           -8.530000E+24
Mpp:            8.830000E+24
Mrt:           -4.000000E+23
Mrp:            3.500000E+23
Mtp:           -2.030000E+24
