 PDE 2008 08 06 22 41 03.70   -8.1300  117.6700  30.7 5.9 5.9 SUMBAWA REGION, INDONESIA
event name:   C200808062241A
time shift:           2.8000
half duration:        2.2000
latitude:            -8.1400
longitude:          117.7300
depth:               27.0000
Mrr:            1.000000E+23
Mtt:           -9.140000E+24
Mpp:            9.050000E+24
Mrt:           -2.940000E+24
Mrp:           -8.500000E+23
Mtp:           -1.930000E+24
