 PDE 2008 04 11 17 45 05.60  -20.4000  168.8200  35.0 6.0 6.0 LOYALTY ISLANDS
event name:   C200804111745A
time shift:           4.7000
half duration:        2.6000
latitude:           -20.4700
longitude:          168.6800
depth:               21.6000
Mrr:            1.140000E+25
Mtt:           -3.000000E+24
Mpp:           -8.430000E+24
Mrt:            6.210000E+24
Mrp:           -5.820000E+24
Mtp:            5.880000E+24
