 PDE 2009 12 09 09 46 03.30  -22.1500  170.9600  45.0 6.4 6.4 SOUTHEAST OF LOYALTY ISLANDS
event name:   C200912090946A
time shift:           7.1000
half duration:        4.0000
latitude:           -22.3600
longitude:          170.8200
depth:               58.2000
Mrr:            1.050000E+25
Mtt:            1.370000E+25
Mpp:           -2.420000E+25
Mrt:            2.390000E+25
Mrp:            9.800000E+24
Mtp:            4.170000E+25
