 PDE 2006 12 26 12 26 21.10   21.8000  120.5500  10.0 7.0 7.3 TAIWAN REGION
event name:   C200612261226A
time shift:           7.9000
half duration:        7.6000
latitude:            21.8100
longitude:          120.5200
depth:               19.6000
Mrr:           -3.160000E+26
Mtt:            4.190000E+25
Mpp:            2.740000E+26
Mrt:            1.230000E+26
Mrp:           -1.550000E+26
Mtp:           -1.230000E+26
