 PDE 2009 10 07 21 41 13.30    4.0800  122.3700 574.0 6.8 6.8 CELEBES SEA
event name:   C200910072141A
time shift:           6.4000
half duration:        5.9000
latitude:             4.1100
longitude:          122.5100
depth:              579.5000
Mrr:           -6.260000E+25
Mtt:            7.200000E+24
Mpp:            5.540000E+25
Mrt:           -6.400000E+25
Mrp:           -1.560000E+26
Mtp:            6.100000E+24
