 PDE 2008 12 29 03 37 41.80   36.4000   71.0700 157.8 5.8 5.8 AFGHANISTAN-TAJIKISTAN BORD REG.
event name:   C200812290337A
time shift:           1.3000
half duration:        2.0000
latitude:            36.4800
longitude:           70.9100
depth:              154.7000
Mrr:            5.520000E+24
Mtt:           -5.840000E+24
Mpp:            3.210000E+23
Mrt:           -3.450000E+24
Mrp:           -3.090000E+23
Mtp:           -1.020000E+23
