 PDE 2006 04 21 11 14 15.30   61.3500  167.5200  12.0 6.0 6.1 EASTERN SIBERIA, RUSSIA
event name:   C200604211114A
time shift:           4.7000
half duration:        2.5000
latitude:            61.2700
longitude:          167.6400
depth:               14.8000
Mrr:            1.270000E+25
Mtt:           -2.830000E+24
Mpp:           -9.830000E+24
Mrt:           -1.790000E+24
Mrp:           -3.010000E+24
Mtp:           -7.060000E+24
