 PDE 2009 03 06 10 50 29.40   80.3200   -1.8500   9.0 6.5 6.5 NORTH OF SVALBARD
event name:   C200903061050A
time shift:           2.8000
half duration:        4.2000
latitude:            80.3300
longitude:           -2.3200
depth:               13.0000
Mrr:           -1.160000E+25
Mtt:           -4.630000E+25
Mpp:            5.800000E+25
Mrt:           -1.500000E+25
Mrp:           -2.060000E+25
Mtp:           -2.320000E+25
