 PDE 2008 02 14 10 09 22.70   36.5000   21.6700  29.0 6.8 6.9 SOUTHERN GREECE
event name:   C200802141009A
time shift:           6.3000
half duration:        7.6000
latitude:            36.2400
longitude:           21.7900
depth:               20.0000
Mrr:            4.400000E+25
Mtt:           -2.090000E+25
Mpp:           -2.310000E+25
Mrt:            1.990000E+26
Mrp:           -1.200000E+26
Mtp:            2.610000E+25
