 PDE 2009 03 16 07 13 36.10  -55.1400 -129.7000  10.0 5.9 5.9 PACIFIC-ANTARCTIC RIDGE
event name:   C200903160713A
time shift:           5.7000
half duration:        2.1000
latitude:           -55.2300
longitude:         -129.5700
depth:               17.3000
Mrr:           -1.010000E+24
Mtt:            5.820000E+24
Mpp:           -4.800000E+24
Mrt:            3.530000E+23
Mrp:            3.360000E+23
Mtp:            5.960000E+24
