 PDE 2015 07 18 02 27 33.80  -10.4000  165.1400  11.0 6.9 7.0 SANTA CRUZ ISLANDS
event name:   C201507180227A
time shift:           6.2000
half duration:        7.1000
latitude:           -10.3500
longitude:          165.1000
depth:               12.3000
Mrr:           -2.640000E+26
Mtt:            3.290000E+26
Mpp:           -6.450000E+25
Mrt:            2.110000E+25
Mrp:           -4.640000E+25
Mtp:           -6.810000E+25
