 PDE 2019 06 18 13 22 19.00   38.6400  139.4800  12.0 6.5 6.4 NEAR WEST COAST OF HONSHU, JAPAN
event name:   C201906181322A
time shift:           6.9000
half duration:        4.3000
latitude:            38.6400
longitude:          139.4100
depth:               14.3000
Mrr:            5.030000E+25
Mtt:           -9.360000E+24
Mpp:           -4.090000E+25
Mrt:           -2.390000E+25
Mrp:           -3.970000E+25
Mtp:           -2.330000E+25
