 PDE 2018 06 21 21 13 32.70  -17.7900  168.0600  28.0 6.2 6.1 VANUATU ISLANDS
event name:   C201806212113A
time shift:           4.1000
half duration:        2.9000
latitude:           -17.7100
longitude:          167.8900
depth:               42.4000
Mrr:            2.090000E+25
Mtt:           -2.600000E+23
Mpp:           -2.070000E+25
Mrt:            3.330000E+24
Mrp:            3.500000E+23
Mtp:            5.980000E+24
