 PDE 2019 04 18 05 01 06.50   24.0400  121.6500  20.0 6.2 6.1 TAIWAN
event name:   C201904180501A
time shift:           2.2000
half duration:        3.0000
latitude:            24.0900
longitude:          121.4000
depth:               30.0000
Mrr:            1.890000E+25
Mtt:           -9.840000E+24
Mpp:           -9.010000E+24
Mrt:            2.540000E+24
Mrp:           -1.240000E+25
Mtp:           -1.130000E+25
