 PDE 2014 04 19 01 04 03.80   -6.6600  155.0900  29.0 6.6 6.6 SOLOMON ISLANDS
event name:   C201404190104A
time shift:           6.3000
half duration:        4.8000
latitude:            -6.9200
longitude:          154.9900
depth:               35.8000
Mrr:            8.770000E+25
Mtt:           -5.490000E+25
Mpp:           -3.280000E+25
Mrt:            2.710000E+25
Mrp:           -2.910000E+25
Mtp:            4.510000E+25
