 PDE 2010 02 04 20 20 22.00   40.4100 -124.9600  23.6 5.9 5.9 NEAR COAST OF NORTHERN CALIF.
event name:   C201002042020A
time shift:           2.1000
half duration:        2.2000
latitude:            40.3700
longitude:         -125.0800
depth:               18.5000
Mrr:           -4.300000E+23
Mtt:           -8.210000E+24
Mpp:            8.630000E+24
Mrt:            1.590000E+24
Mrp:           -1.100000E+23
Mtp:           -3.100000E+24
