 PDE 2016 04 06 14 45 29.60   -8.2000  107.3900  29.0 6.0 6.1 JAVA, INDONESIA
event name:   C201604061445A
time shift:           5.7000
half duration:        2.6000
latitude:            -8.4100
longitude:          107.4200
depth:               41.9000
Mrr:            1.180000E+25
Mtt:           -1.170000E+25
Mpp:           -9.000000E+22
Mrt:            8.710000E+24
Mrp:           -1.070000E+24
Mtp:            3.750000E+24
