 PDE 2015 12 09 10 21 48.50   -4.1100  129.5100  21.0 6.8 6.9 BANDA SEA
event name:   C201512091021A
time shift:           6.1000
half duration:        6.1000
latitude:            -4.1600
longitude:          129.5100
depth:               12.2000
Mrr:            1.790000E+26
Mtt:           -1.720000E+26
Mpp:           -7.100000E+24
Mrt:           -1.130000E+25
Mrp:           -2.200000E+24
Mtp:            8.790000E+25
