 PDE 2011 02 07 19 53 44.20   -7.1600  155.1800 428.8 6.5 6.4 SOLOMON ISLANDS
event name:   C201102071953A
time shift:           5.6000
half duration:        4.1000
latitude:            -7.0400
longitude:          155.3400
depth:              425.5000
Mrr:            9.230000E+24
Mtt:            2.940000E+25
Mpp:           -3.860000E+25
Mrt:            2.230000E+25
Mrp:           -4.630000E+25
Mtp:            6.850000E+24
