 PDE 2015 06 23 12 18 30.30   27.7400  139.7300 460.0 6.5 6.5 BONIN ISLANDS, JAPAN REGION
event name:   C201506231218A
time shift:           3.1000
half duration:        4.4000
latitude:            27.6800
longitude:          139.8500
depth:              458.5000
Mrr:           -4.560000E+25
Mtt:            2.200000E+25
Mpp:            2.360000E+25
Mrt:           -4.820000E+24
Mrp:           -4.830000E+25
Mtp:           -4.060000E+25
