 PDE 2014 04 15 03 57 01.40  -53.5000    8.7200  11.2 6.8 6.8 BOUVET ISLAND REGION
event name:   C201404150357A
time shift:           6.7000
half duration:        6.3000
latitude:           -53.6500
longitude:            9.2400
depth:               16.4000
Mrr:           -1.410000E+25
Mtt:            2.160000E+26
Mpp:           -2.010000E+26
Mrt:            3.840000E+25
Mrp:            1.430000E+25
Mtp:            5.200000E+25
