 PDE 2010 08 10 23 18 31.80  -14.4600  167.3500 191.6 5.9 5.9 VANUATU ISLANDS
event name:   C201008102318A
time shift:           1.7000
half duration:        2.1000
latitude:           -14.4200
longitude:          167.1500
depth:              189.0000
Mrr:            5.430000E+24
Mtt:           -7.230000E+23
Mpp:           -4.700000E+24
Mrt:           -4.200000E+24
Mrp:            9.380000E+23
Mtp:            3.920000E+24
