 PDE 2018 10 02 10 08 37.40  -17.8400  167.8400  10.0 5.8 5.7 VANUATU ISLANDS
event name:   C201810021008A
time shift:           6.4000
half duration:        1.9000
latitude:           -17.7600
longitude:          167.7100
depth:               18.9000
Mrr:            4.040000E+24
Mtt:            2.430000E+23
Mpp:           -4.280000E+24
Mrt:            1.730000E+24
Mrp:           -4.310000E+24
Mtp:            5.820000E+23
