 PDE 2013 11 25 05 56 50.10   45.5600  151.0100  34.0 6.0 6.0 KURIL ISLANDS
event name:   C201311250556A
time shift:           3.9000
half duration:        2.3000
latitude:            45.5700
longitude:          151.2000
depth:               35.8000
Mrr:            9.010000E+24
Mtt:           -3.620000E+24
Mpp:           -5.390000E+24
Mrt:            1.350000E+24
Mrp:            4.890000E+24
Mtp:           -5.260000E+24
