 PDE 2011 02 12 17 57 56.60  -20.8900 -175.6700  89.6 6.1 6.1 TONGA ISLANDS
event name:   C201102121757A
time shift:           4.7000
half duration:        2.8000
latitude:           -20.9300
longitude:         -175.1900
depth:              111.6000
Mrr:           -9.520000E+24
Mtt:            1.050000E+25
Mpp:           -9.700000E+23
Mrt:            4.350000E+24
Mrp:           -9.030000E+24
Mtp:            1.180000E+25
