 PDE 2018 03 29 21 25 36.80   -5.5300  151.5000  35.0 6.9 6.9 NEW BRITAIN REGION, P.N.G.
event name:   C201803292125A
time shift:           7.6000
half duration:        6.9000
latitude:            -5.6700
longitude:          151.6000
depth:               42.2000
Mrr:            2.620000E+26
Mtt:           -2.380000E+26
Mpp:           -2.410000E+25
Mrt:            6.630000E+25
Mrp:            1.030000E+25
Mtp:           -1.040000E+26
