 PDE 2010 07 12 00 11 21.20  -22.1500  -68.2000 115.0 6.2 6.3 NORTHERN CHILE
event name:   C201007120011A
time shift:           5.0000
half duration:        3.2000
latitude:           -22.4000
longitude:          -68.6100
depth:              134.7000
Mrr:           -2.480000E+25
Mtt:            2.320000E+24
Mpp:            2.240000E+25
Mrt:            6.630000E+24
Mrp:           -3.150000E+24
Mtp:           -1.110000E+25
