 PDE 2011 03 01 00 53 46.30  -29.7000 -111.9800  10.0 6.0 6.1 EASTER ISLAND REGION
event name:   C201103010053A
time shift:           5.1000
half duration:        2.6000
latitude:           -29.6800
longitude:         -112.2600
depth:               19.9000
Mrr:           -3.500000E+23
Mtt:           -1.370000E+25
Mpp:            1.400000E+25
Mrt:           -3.220000E+24
Mrp:           -2.900000E+23
Mtp:            5.250000E+24
