 PDE 2015 10 18 16 18 35.50  -16.2000 -173.2600  12.0 6.0 6.0 TONGA ISLANDS
event name:   C201510181618A
time shift:           7.1000
half duration:        2.5000
latitude:           -16.1400
longitude:         -172.9800
depth:               17.8000
Mrr:           -6.560000E+24
Mtt:            1.500000E+24
Mpp:            5.060000E+24
Mrt:            7.820000E+24
Mrp:           -3.830000E+24
Mtp:           -8.270000E+24
