 PDE 2013 09 01 11 52 29.90   -7.4400  128.2200 112.0 6.5 6.5 BANDA SEA
event name:   C201309011152A
time shift:           5.3000
half duration:        4.3000
latitude:            -7.6100
longitude:          128.2400
depth:              128.1000
Mrr:            4.480000E+25
Mtt:           -4.080000E+25
Mpp:           -3.950000E+24
Mrt:            4.330000E+25
Mrp:            1.390000E+25
Mtp:            2.650000E+25
