 PDE 2015 05 03 22 32 39.00   -5.6300  151.6800  24.0 5.9 6.0 NEW BRITAIN REGION, P.N.G.
event name:   C201505032232A
time shift:           8.3000
half duration:        2.2000
latitude:            -5.7600
longitude:          151.8800
depth:               23.6000
Mrr:            7.790000E+24
Mtt:           -7.830000E+24
Mpp:            4.000000E+22
Mrt:            5.280000E+24
Mrp:           -1.100000E+23
Mtp:           -2.070000E+24
