 PDE 2016 12 08 14 49 45.90   40.4500 -126.1900   8.4 6.6 6.6 OFF COAST OF NORTHERN CALIFORNIA
event name:   C201612081450A
time shift:           7.5000
half duration:        5.1000
latitude:            40.4600
longitude:         -126.4600
depth:               20.8000
Mrr:           -1.270000E+25
Mtt:           -1.200000E+24
Mpp:            1.390000E+25
Mrt:            4.300000E+24
Mrp:            2.680000E+25
Mtp:           -1.110000E+26
