 PDE 2011 04 11 23 08 16.90   35.4200  140.5700  15.0 6.2 6.2 NEAR EAST COAST OF HONSHU, JAPAN
event name:   C201104112308A
time shift:           2.8000
half duration:        3.1000
latitude:            35.4200
longitude:          140.8500
depth:               16.1000
Mrr:           -2.720000E+24
Mtt:           -1.880000E+25
Mpp:            2.150000E+25
Mrt:           -1.710000E+25
Mrp:            1.560000E+24
Mtp:           -4.840000E+24
