 PDE 2014 12 29 09 29 37.40    8.6300  121.5200   8.0 6.1 6.1 MINDANAO, PHILIPPINES
event name:   C201412290929A
time shift:           3.5000
half duration:        2.9000
latitude:             8.6800
longitude:          121.4500
depth:               15.0000
Mrr:           -4.250000E+24
Mtt:            5.060000E+24
Mpp:           -8.100000E+23
Mrt:           -5.050000E+24
Mrp:           -4.060000E+24
Mtp:           -1.860000E+25
