 PDE 2015 07 27 04 49 46.40   52.3800 -169.4500  29.0 6.9 6.9 FOX ISLANDS, ALEUTIAN ISLANDS
event name:   C201507270449A
time shift:           6.2000
half duration:        6.9000
latitude:            52.2100
longitude:         -169.4200
depth:               27.1000
Mrr:            1.990000E+26
Mtt:           -1.580000E+26
Mpp:           -4.040000E+25
Mrt:            1.820000E+26
Mrp:            8.830000E+25
Mtp:           -8.270000E+25
