 PDE 2015 11 08 16 47 02.20    6.8400   94.6500  10.0 6.5 6.6 NICOBAR ISLANDS, INDIA REGION
event name:   C201511081647A
time shift:          10.1000
half duration:        4.6000
latitude:             6.7600
longitude:           94.7800
depth:               14.8000
Mrr:           -4.100000E+24
Mtt:           -7.590000E+25
Mpp:            8.000000E+25
Mrt:           -1.760000E+25
Mrp:           -5.500000E+24
Mtp:            2.400000E+25
