 PDE 2010 08 13 21 19 33.10   12.4800  141.4800  10.0 6.9 6.9 SOUTH OF MARIANA ISLANDS
event name:   C201008132119A
time shift:          10.2000
half duration:        6.8000
latitude:            12.4600
longitude:          141.5200
depth:               12.0000
Mrr:           -2.510000E+26
Mtt:            2.420000E+26
Mpp:            9.200000E+24
Mrt:            9.860000E+25
Mrp:            4.070000E+25
Mtp:            6.020000E+25
