 PDE 2017 10 06 07 59 32.90   37.5000  144.0200   9.0 6.2 6.2 OFF EAST COAST OF HONSHU, JAPAN
event name:   C201710060759A
time shift:           3.4000
half duration:        3.1000
latitude:            37.4800
longitude:          144.0000
depth:               13.8000
Mrr:           -1.840000E+25
Mtt:           -1.770000E+24
Mpp:            2.010000E+25
Mrt:            2.450000E+24
Mrp:            8.790000E+24
Mtp:            1.430000E+25
