 PDE 2018 06 12 23 08 28.30   -2.0200   98.5900   9.0 5.8 5.9 SOUTHWEST OF SUMATRA, INDONESIA
event name:   C201806122308A
time shift:           3.3000
half duration:        1.9000
latitude:            -2.2500
longitude:           98.3100
depth:               12.9000
Mrr:            3.500000E+24
Mtt:           -1.610000E+24
Mpp:           -1.880000E+24
Mrt:            3.480000E+24
Mrp:           -4.040000E+24
Mtp:            1.770000E+24
