 PDE 2016 02 15 19 28 04.20  -49.0500  164.4800  10.0 6.0 5.9 AUCKLAND ISLANDS, N.Z. REGION
event name:   C201602151928A
time shift:           6.0000
half duration:        2.3000
latitude:           -49.0300
longitude:          164.0300
depth:               18.0000
Mrr:            9.900000E+24
Mtt:            1.220000E+24
Mpp:           -1.110000E+25
Mrt:            2.010000E+24
Mrp:           -2.750000E+24
Mtp:           -1.560000E+24
