 PDE 2012 12 07 18 19 06.20  -38.4700  176.1000 163.0 6.3 6.4 NORTH ISLAND, NEW ZEALAND
event name:   C201212071819A
time shift:           7.9000
half duration:        3.6000
latitude:           -38.3100
longitude:          176.0800
depth:              165.1000
Mrr:            1.300000E+25
Mtt:            2.230000E+24
Mpp:           -1.520000E+25
Mrt:            3.380000E+25
Mrp:            5.800000E+24
Mtp:           -1.450000E+25
