 PDE 2011 02 03 20 25 15.90  -15.5100 -173.0600  10.0 5.9 6.0 TONGA ISLANDS
event name:   C201102032025A
time shift:           6.6000
half duration:        2.2000
latitude:           -15.5000
longitude:         -172.6200
depth:               18.8000
Mrr:            7.410000E+24
Mtt:            4.000000E+22
Mpp:           -7.450000E+24
Mrt:            4.000000E+23
Mrp:            4.380000E+24
Mtp:            1.380000E+24
