 PDE 2017 01 16 20 47 39.20  -13.5500  166.4200  14.9 5.9 5.9 VANUATU ISLANDS
event name:   C201701162047A
time shift:           4.7000
half duration:        2.2000
latitude:           -13.5400
longitude:          166.3600
depth:               20.2000
Mrr:            8.080000E+24
Mtt:           -5.200000E+23
Mpp:           -7.560000E+24
Mrt:            3.510000E+24
Mrp:           -3.070000E+24
Mtp:            3.150000E+24
