 PDE 2013 03 19 03 28 58.80  -58.8900  -24.3300  20.0 6.0 6.0 SOUTH SANDWICH ISLANDS REGION
event name:   C201303190329A
time shift:           5.1000
half duration:        2.4000
latitude:           -59.1000
longitude:          -23.8700
depth:               34.8000
Mrr:            7.280000E+24
Mtt:           -8.210000E+24
Mpp:            9.300000E+23
Mrt:           -7.200000E+23
Mrp:            6.880000E+24
Mtp:            5.250000E+24
