 PDE 2013 11 02 18 53 46.90  -19.1700 -172.6400  10.1 6.2 6.2 TONGA ISLANDS REGION
event name:   C201311021853A
time shift:           5.1000
half duration:        3.2000
latitude:           -19.3300
longitude:         -172.2600
depth:               12.0000
Mrr:           -2.600000E+25
Mtt:           -2.900000E+23
Mpp:            2.630000E+25
Mrt:            9.200000E+23
Mrp:            1.170000E+25
Mtp:            7.270000E+24
