 PDE 2014 04 11 14 33 43.20   -6.7200  154.9600  20.1 5.8 5.7 SOLOMON ISLANDS
event name:   C201404111433A
time shift:           4.5000
half duration:        2.0000
latitude:            -6.8400
longitude:          154.9500
depth:               25.3000
Mrr:           -3.880000E+23
Mtt:            4.410000E+23
Mpp:           -5.400000E+22
Mrt:            1.770000E+24
Mrp:           -6.210000E+24
Mtp:            3.360000E+23
