 PDE 2011 09 05 17 55 11.20    2.9600   97.8900  91.0 6.7 6.7 NORTHERN SUMATRA, INDONESIA
event name:   C201109051755A
time shift:           3.6000
half duration:        5.4000
latitude:             2.8800
longitude:           97.8600
depth:               94.6000
Mrr:           -2.750000E+25
Mtt:            2.380000E+25
Mpp:            3.800000E+24
Mrt:            8.550000E+25
Mrp:           -9.830000E+25
Mtp:           -3.920000E+25
