 PDE 2012 04 17 07 13 49.00   -5.4600  147.1200 198.0 6.9 6.8 EASTERN NEW GUINEA REG., P.N.G.
event name:   C201204170713A
time shift:           7.0000
half duration:        6.5000
latitude:            -5.6600
longitude:          147.1600
depth:              208.6000
Mrr:            1.850000E+26
Mtt:           -2.270000E+26
Mpp:            4.250000E+25
Mrt:            3.870000E+25
Mrp:           -9.340000E+25
Mtp:            7.010000E+25
