 PDE 2016 04 14 21 50 27.70  -14.5300  166.4300  16.0 6.3 6.4 VANUATU ISLANDS
event name:   C201604142150A
time shift:           3.6000
half duration:        3.4000
latitude:           -14.3400
longitude:          166.3800
depth:               12.0000
Mrr:            2.810000E+25
Mtt:           -3.120000E+24
Mpp:           -2.500000E+25
Mrt:            1.150000E+25
Mrp:           -1.140000E+25
Mtp:            1.130000E+25
