 PDE 2018 12 22 14 25 01.20  -13.3900  166.8100  42.0 6.0 6.0 VANUATU ISLANDS
event name:   C201812221425A
time shift:           3.4000
half duration:        2.5000
latitude:           -13.4500
longitude:          166.5600
depth:               50.8000
Mrr:            1.210000E+25
Mtt:           -6.500000E+23
Mpp:           -1.140000E+25
Mrt:           -8.500000E+23
Mrp:            5.000000E+24
Mtp:            2.950000E+24
