 PDE 2014 06 30 19 55 32.40   28.3400  138.8400 511.0 6.2 6.2 BONIN ISLANDS, JAPAN REGION
event name:   C201406301955A
time shift:           4.9000
half duration:        3.2000
latitude:            28.4200
longitude:          138.7500
depth:              522.9000
Mrr:            6.310000E+24
Mtt:            9.150000E+24
Mpp:           -1.550000E+25
Mrt:            1.670000E+25
Mrp:           -1.680000E+25
Mtp:            3.610000E+24
