 PDE 2012 10 01 22 21 46.00   39.8100  143.1000  15.0 6.0 6.1 OFF EAST COAST OF HONSHU, JAPAN
event name:   C201210012221A
time shift:           4.8000
half duration:        2.5000
latitude:            39.8600
longitude:          143.3000
depth:               21.1000
Mrr:            7.270000E+24
Mtt:            1.500000E+23
Mpp:           -7.420000E+24
Mrt:            5.990000E+24
Mrp:            1.010000E+25
Mtp:           -1.960000E+24
