 PDE 2011 04 11 08 16 12.70   37.0000  140.4000  11.0 6.7 6.6 EASTERN HONSHU, JAPAN
event name:   C201104110816A
time shift:           6.8000
half duration:        5.2000
latitude:            37.0000
longitude:          140.5400
depth:               12.0000
Mrr:           -1.270000E+26
Mtt:            7.590000E+25
Mpp:            5.130000E+25
Mrt:           -1.300000E+24
Mrp:            4.450000E+25
Mtp:           -3.320000E+25
