 PDE 2019 03 04 10 06 01.00   -5.2200  146.2100  10.0 5.9 5.9 EASTERN NEW GUINEA REG., P.N.G.
event name:   C201903041006A
time shift:           6.4000
half duration:        2.2000
latitude:            -5.2600
longitude:          146.2500
depth:               27.3000
Mrr:            6.910000E+24
Mtt:           -7.510000E+24
Mpp:            6.000000E+23
Mrt:           -3.970000E+24
Mrp:            1.500000E+23
Mtp:            3.390000E+24
