 PDE 2013 02 28 03 09 44.50  -17.7200  167.3400  18.0 5.9 5.9 VANUATU ISLANDS
event name:   C201302280309A
time shift:           5.0000
half duration:        2.1000
latitude:           -17.7500
longitude:          167.1800
depth:               36.8000
Mrr:            5.140000E+24
Mtt:           -3.000000E+24
Mpp:           -2.140000E+24
Mrt:            5.600000E+22
Mrp:           -4.460000E+24
Mtp:            4.940000E+24
