 PDE 2011 01 24 02 45 31.50   38.4100   72.7900 110.0 6.1 6.1 TAJIKISTAN
event name:   C201101240245A
time shift:           3.0000
half duration:        2.6000
latitude:            38.5000
longitude:           72.7800
depth:              119.2000
Mrr:           -2.680000E+24
Mtt:           -7.000000E+24
Mpp:            9.680000E+24
Mrt:           -8.930000E+24
Mrp:           -7.890000E+24
Mtp:           -5.640000E+24
