 PDE 2018 03 07 04 40 12.60   45.7700  152.3800  32.0 5.9 5.8 EAST OF KURIL ISLANDS
event name:   C201803070440A
time shift:           3.6000
half duration:        2.1000
latitude:            45.7400
longitude:          152.5100
depth:               47.3000
Mrr:            3.450000E+24
Mtt:           -8.150000E+23
Mpp:           -2.640000E+24
Mrt:            5.920000E+24
Mrp:            4.740000E+24
Mtp:           -2.040000E+24
