 PDE 2015 09 21 17 40 00.10  -31.7300  -71.3800  35.0 6.6 6.6 NEAR COAST OF CENTRAL CHILE
event name:   C201509211739A
time shift:           6.8000
half duration:        4.8000
latitude:           -31.7700
longitude:          -71.8100
depth:               39.0000
Mrr:            7.850000E+25
Mtt:            1.800000E+24
Mpp:           -8.030000E+25
Mrt:            2.400000E+24
Mrp:           -5.420000E+25
Mtp:            3.000000E+23
