 PDE 2012 10 08 11 43 31.40   -4.4700  129.1300  10.0 6.2 6.3 BANDA SEA
event name:   C201210081143A
time shift:           4.2000
half duration:        3.0000
latitude:            -4.5700
longitude:          129.1500
depth:               12.0000
Mrr:            2.250000E+25
Mtt:           -1.730000E+25
Mpp:           -5.180000E+24
Mrt:            4.470000E+24
Mrp:            2.800000E+23
Mtp:            1.140000E+25
