 PDE 2014 12 06 22 05 10.70   -6.1100  130.4800 116.0 6.0 6.0 BANDA SEA
event name:   C201412062205A
time shift:           4.1000
half duration:        2.5000
latitude:            -6.1200
longitude:          130.5700
depth:              137.8000
Mrr:            4.910000E+24
Mtt:           -2.240000E+24
Mpp:           -2.670000E+24
Mrt:            1.740000E+24
Mrp:            1.360000E+25
Mtp:            1.720000E+24
