 PDE 2013 08 17 16 32 31.40  -34.8800   54.1000  10.0 6.2 6.1 SOUTHWEST INDIAN RIDGE
event name:   C201308171632A
time shift:           3.7000
half duration:        3.0000
latitude:           -34.8900
longitude:           54.1200
depth:               12.0000
Mrr:           -3.220000E+24
Mtt:            4.220000E+24
Mpp:           -1.000000E+24
Mrt:            2.600000E+23
Mrp:            1.650000E+24
Mtp:            2.290000E+25
