 PDE 2014 07 05 09 39 27.80    1.9300   96.9400  20.0 6.1 6.0 OFF W COAST OF NORTHERN SUMATRA
event name:   C201407050939A
time shift:           2.8000
half duration:        2.6000
latitude:             1.7200
longitude:           96.7400
depth:               20.0000
Mrr:            6.430000E+24
Mtt:           -4.160000E+24
Mpp:           -2.270000E+24
Mrt:            9.190000E+24
Mrp:           -1.070000E+25
Mtp:            3.100000E+24
