 PDE 2011 02 10 14 39 27.70    4.2000  122.9700 523.2 6.5 6.5 CELEBES SEA
event name:   C201102101439A
time shift:           2.5000
half duration:        4.5000
latitude:             4.1400
longitude:          122.9100
depth:              520.9000
Mrr:           -5.050000E+25
Mtt:            1.490000E+25
Mpp:            3.560000E+25
Mrt:           -2.210000E+25
Mrp:           -5.520000E+25
Mtp:            2.000000E+25
