 PDE 2010 01 05 13 11 42.80   -9.0500  157.8900  35.0 6.0 6.0 SOLOMON ISLANDS
event name:   C201001051311A
time shift:          -0.2000
half duration:        2.5000
latitude:            -9.1800
longitude:          157.7700
depth:               16.6000
Mrr:            9.180000E+24
Mtt:           -5.940000E+24
Mpp:           -3.240000E+24
Mrt:            4.510000E+24
Mrp:           -8.430000E+24
Mtp:            3.750000E+24
