 PDE 2013 11 19 13 32 51.20    2.6400  128.4300  38.0 6.1 6.0 HALMAHERA, INDONESIA
event name:   C201311191332A
time shift:           4.3000
half duration:        2.8000
latitude:             2.7900
longitude:          128.3400
depth:               37.6000
Mrr:            6.910000E+24
Mtt:           -1.400000E+25
Mpp:            7.070000E+24
Mrt:            1.860000E+24
Mrp:            1.320000E+25
Mtp:           -4.980000E+24
