 PDE 2014 12 30 21 17 23.90  -20.3300 -178.5600 599.3 6.0 6.0 FIJI ISLANDS REGION
event name:   C201412302117A
time shift:           2.5000
half duration:        2.5000
latitude:           -20.2700
longitude:         -178.5900
depth:              611.5000
Mrr:           -7.060000E+24
Mtt:           -2.900000E+23
Mpp:            7.340000E+24
Mrt:           -7.510000E+24
Mrp:           -7.700000E+24
Mtp:            2.980000E+24
