 PDE 2019 08 07 21 28 03.60   24.4700  121.9400  20.5 5.9 5.8 TAIWAN
event name:   C201908072128A
time shift:           1.7000
half duration:        2.1000
latitude:            24.5900
longitude:          121.8200
depth:               31.7000
Mrr:           -2.950000E+23
Mtt:           -2.160000E+23
Mpp:            5.110000E+23
Mrt:            4.300000E+22
Mrp:            5.730000E+24
Mtp:            6.370000E+24
