 PDE 2014 03 16 21 16 29.60  -19.9800  -70.7000  20.0 6.7 6.7 NEAR COAST OF NORTHERN CHILE
event name:   C201403162116A
time shift:           8.2000
half duration:        5.3000
latitude:           -19.9400
longitude:          -70.9200
depth:               12.0000
Mrr:            9.300000E+25
Mtt:           -6.800000E+25
Mpp:           -2.500000E+25
Mrt:            3.520000E+25
Mrp:           -8.750000E+25
Mtp:            2.950000E+25
