 PDE 2014 05 18 23 47 04.30   -4.4200 -105.9400  10.0 5.9 5.8 CENTRAL EAST PACIFIC RISE
event name:   C201405182347A
time shift:           6.0000
half duration:        2.1000
latitude:            -4.4700
longitude:         -105.7600
depth:               15.0000
Mrr:           -2.200000E+22
Mtt:            2.640000E+24
Mpp:           -2.620000E+24
Mrt:           -9.300000E+23
Mrp:            2.270000E+24
Mtp:            7.170000E+24
