 PDE 2010 03 07 07 05 23.30  -16.2400 -115.3000  10.0 6.2 6.3 SOUTHERN EAST PACIFIC RISE
event name:   C201003070705A
time shift:           9.6000
half duration:        3.2000
latitude:           -16.3400
longitude:         -115.4500
depth:               12.7000
Mrr:           -3.380000E+25
Mtt:            2.150000E+25
Mpp:            1.230000E+25
Mrt:            4.100000E+23
Mrp:            7.370000E+24
Mtp:            3.870000E+24
