 PDE 2019 10 29 01 04 43.90    6.7500  124.9900  15.0 6.6 6.6 MINDANAO, PHILIPPINES
event name:   C201910290104A
time shift:           5.1000
half duration:        4.9000
latitude:             6.8700
longitude:          125.0500
depth:               18.0000
Mrr:            2.600000E+24
Mtt:            9.660000E+25
Mpp:           -9.920000E+25
Mrt:           -1.840000E+25
Mrp:           -3.300000E+24
Mtp:           -2.500000E+25
