 PDE 2012 12 21 22 28 08.60  -14.3400  167.2900 200.7 6.7 6.7 VANUATU ISLANDS
event name:   C201212212228A
time shift:           3.8000
half duration:        5.4000
latitude:           -14.3100
longitude:          167.1700
depth:              199.1000
Mrr:            1.300000E+26
Mtt:           -1.140000E+25
Mpp:           -1.190000E+26
Mrt:           -3.490000E+25
Mrp:            9.500000E+24
Mtp:            2.880000E+25
