 PDE 2014 04 17 15 06 51.50  -62.8700  155.7400  20.6 6.2 6.2 BALLENY ISLANDS REGION
event name:   C201404171506A
time shift:          14.2000
half duration:        3.1000
latitude:           -62.6500
longitude:          155.4300
depth:               12.0000
Mrr:           -8.700000E+23
Mtt:            2.100000E+25
Mpp:           -2.020000E+25
Mrt:           -4.740000E+24
Mrp:           -2.210000E+24
Mtp:           -1.390000E+25
