 PDE 2016 05 31 10 04 00.50   47.5500  154.3600  18.4 5.9 5.9 KURIL ISLANDS
event name:   C201605311003A
time shift:           4.8000
half duration:        2.1000
latitude:            47.5800
longitude:          154.4900
depth:               27.8000
Mrr:            6.800000E+24
Mtt:           -1.050000E+24
Mpp:           -5.750000E+24
Mrt:            9.500000E+23
Mrp:            3.080000E+24
Mtp:           -3.360000E+24
