 PDE 2013 03 27 02 03 19.80   23.8300  121.2100  19.0 6.0 5.9 TAIWAN
event name:   C201303270203A
time shift:           1.7000
half duration:        2.4000
latitude:            23.9100
longitude:          120.8400
depth:               22.7000
Mrr:            8.590000E+24
Mtt:            9.000000E+22
Mpp:           -8.680000E+24
Mrt:           -1.670000E+24
Mrp:           -7.710000E+24
Mtp:           -6.800000E+23
