 PDE 2019 07 29 20 37 43.50   32.8400  140.5700  59.1 5.8 5.8 SOUTHEAST OF HONSHU, JAPAN
event name:   C201907292037A
time shift:           2.9000
half duration:        1.9000
latitude:            32.9000
longitude:          140.6800
depth:               71.9000
Mrr:            2.760000E+24
Mtt:            1.750000E+23
Mpp:           -2.940000E+24
Mrt:           -2.370000E+24
Mrp:           -4.770000E+24
Mtp:           -2.040000E+24
