 PDE 2014 06 23 19 19 15.90  -29.9800 -177.7300  20.0 6.9 6.9 KERMADEC ISLANDS, NEW ZEALAND
event name:   C201406231919A
time shift:           9.4000
half duration:        6.7000
latitude:           -30.0300
longitude:         -177.1300
depth:               26.4000
Mrr:            1.910000E+26
Mtt:           -8.500000E+24
Mpp:           -1.830000E+26
Mrt:            4.330000E+25
Mrp:            1.720000E+26
Mtp:           -5.170000E+25
