 PDE 2014 08 03 00 22 03.70    0.8300  146.1700  13.0 6.8 6.9 E. CAROLINE ISLANDS, MICRONESIA
event name:   C201408030022A
time shift:           8.2000
half duration:        6.4000
latitude:             0.8900
longitude:          146.2300
depth:               19.4000
Mrr:            8.120000E+25
Mtt:           -1.530000E+26
Mpp:            7.230000E+25
Mrt:           -3.860000E+25
Mrp:            4.950000E+25
Mtp:            1.920000E+26
