 PDE 2019 03 11 16 25 52.00   -6.0500  149.0100  34.6 6.0 5.9 NEW BRITAIN REGION, P.N.G.
event name:   C201903111625A
time shift:           3.7000
half duration:        2.3000
latitude:            -6.2800
longitude:          149.1100
depth:               45.0000
Mrr:            9.360000E+24
Mtt:           -1.050000E+25
Mpp:            1.100000E+24
Mrt:           -2.470000E+24
Mrp:           -4.600000E+23
Mtp:            2.680000E+24
