 PDE 2016 12 24 03 58 54.70   -5.1500  153.5200  30.0 5.8 5.8 NEW IRELAND REGION, P.N.G.
event name:   C201612240358A
time shift:           3.5000
half duration:        2.0000
latitude:            -5.3600
longitude:          153.3700
depth:               42.0000
Mrr:            5.740000E+24
Mtt:           -3.710000E+24
Mpp:           -2.030000E+24
Mrt:            2.560000E+24
Mrp:           -1.820000E+24
Mtp:            3.080000E+24
