 PDE 2014 12 20 09 29 57.50   37.4000  141.5500  31.3 6.0 5.9 NEAR EAST COAST OF HONSHU, JAPAN
event name:   C201412200929A
time shift:           3.8000
half duration:        2.3000
latitude:            37.4300
longitude:          141.6900
depth:               44.3000
Mrr:            7.960000E+24
Mtt:           -1.380000E+24
Mpp:           -6.590000E+24
Mrt:            2.340000E+24
Mrp:            6.720000E+24
Mtp:           -3.000000E+24
