 PDE 2010 07 24 05 35 01.10    6.2200  123.5200 553.0 6.6 6.6 MINDANAO, PHILIPPINES
event name:   C201007240535A
time shift:           3.7000
half duration:        4.7000
latitude:             6.2300
longitude:          123.5600
depth:              556.4000
Mrr:           -4.310000E+25
Mtt:            1.940000E+25
Mpp:            2.370000E+25
Mrt:           -7.310000E+24
Mrp:           -7.720000E+25
Mtp:            2.310000E+25
