 PDE 2014 08 28 19 14 35.60   32.0900  132.0900  20.0 5.9 5.8 SHIKOKU, JAPAN
event name:   C201408281914A
time shift:           2.8000
half duration:        2.1000
latitude:            32.0700
longitude:          132.1100
depth:               27.6000
Mrr:            5.190000E+24
Mtt:           -2.020000E+24
Mpp:           -3.170000E+24
Mrt:            2.940000E+24
Mrp:            5.410000E+24
Mtp:           -3.190000E+24
