 PDE 2011 03 31 07 15 30.20   38.9200  141.8200  42.0 6.0 6.1 NEAR EAST COAST OF HONSHU, JAPAN
event name:   C201103310715A
time shift:           3.4000
half duration:        2.6000
latitude:            38.9700
longitude:          142.0500
depth:               49.5000
Mrr:            1.070000E+25
Mtt:           -3.000000E+22
Mpp:           -1.070000E+25
Mrt:            4.170000E+24
Mrp:            8.420000E+24
Mtp:           -2.470000E+24
