 PDE 2012 12 17 09 16 30.90   -0.6500  123.8100  44.2 6.1 6.1 MINAHASSA PENINSULA, SULAWESI
event name:   C201212170916A
time shift:           1.6000
half duration:        2.8000
latitude:            -0.6900
longitude:          123.9300
depth:               37.0000
Mrr:           -1.080000E+24
Mtt:            1.510000E+25
Mpp:           -1.400000E+25
Mrt:            3.500000E+23
Mrp:            1.140000E+25
Mtp:            2.260000E+24
