 PDE 2017 11 19 09 25 48.70  -21.6400  168.6700  14.0 6.3 6.3 LOYALTY ISLANDS
event name:   C201711190925A
time shift:           5.3000
half duration:        3.3000
latitude:           -21.5200
longitude:          168.6200
depth:               12.0000
Mrr:           -3.070000E+25
Mtt:            9.780000E+24
Mpp:            2.090000E+25
Mrt:           -1.370000E+24
Mrp:            5.530000E+24
Mtp:           -1.270000E+25
