 PDE 2017 09 25 20 29 24.10   -6.2300  152.7200  10.0 5.8 5.9 NEW BRITAIN REGION, P.N.G.
event name:   C201709252029A
time shift:           4.3000
half duration:        2.0000
latitude:            -6.3600
longitude:          152.8200
depth:               12.0000
Mrr:           -7.190000E+24
Mtt:            5.140000E+24
Mpp:            2.050000E+24
Mrt:           -2.360000E+24
Mrp:            7.070000E+23
Mtp:           -2.140000E+24
