 PDE 2012 08 12 10 47 06.40   35.6600   82.5200  13.0 6.2 6.3 XIZANG
event name:   C201208121047A
time shift:           5.6000
half duration:        3.1000
latitude:            35.8800
longitude:           82.5200
depth:               16.7000
Mrr:           -1.960000E+25
Mtt:           -5.840000E+24
Mpp:            2.540000E+25
Mrt:            7.940000E+24
Mrp:           -4.990000E+24
Mtp:            5.890000E+24
