 PDE 2017 11 01 05 09 00.20  -21.8100  168.9800  10.0 5.9 5.9 LOYALTY ISLANDS
event name:   C201711010509A
time shift:           6.8000
half duration:        2.2000
latitude:           -21.8200
longitude:          169.1600
depth:               12.0000
Mrr:           -7.350000E+24
Mtt:            3.090000E+24
Mpp:            4.270000E+24
Mrt:           -3.350000E+24
Mrp:            2.770000E+24
Mtp:           -4.210000E+24
