 PDE 2014 08 06 11 45 22.70   -7.2700  128.0400  10.0 6.2 6.2 BANDA SEA
event name:   C201408061145A
time shift:           6.0000
half duration:        3.0000
latitude:            -7.1300
longitude:          127.9200
depth:               19.5000
Mrr:            3.670000E+24
Mtt:           -2.440000E+25
Mpp:            2.070000E+25
Mrt:           -6.820000E+24
Mrp:            1.640000E+24
Mtp:            5.410000E+24
