 PDE 2016 12 18 13 30 10.70   -9.9700  -70.9700 612.0 6.4 6.4 PERU-BRAZIL BORDER REGION
event name:   C201612181330A
time shift:           4.6000
half duration:        4.0000
latitude:           -10.0200
longitude:          -70.9800
depth:              638.0000
Mrr:           -3.680000E+25
Mtt:            7.370000E+24
Mpp:            2.950000E+25
Mrt:           -1.380000E+25
Mrp:            4.300000E+25
Mtp:           -5.170000E+24
