 PDE 2010 12 24 05 48 53.00  -63.5900 -167.3400   4.0 6.0 6.0 PACIFIC-ANTARCTIC RIDGE
event name:   C201012240548A
time shift:           4.5000
half duration:        2.3000
latitude:           -63.5900
longitude:         -167.6200
depth:               14.6000
Mrr:           -1.360000E+24
Mtt:            9.250000E+24
Mpp:           -7.890000E+24
Mrt:           -1.440000E+24
Mrp:            6.200000E+23
Mtp:            5.740000E+24
