 PDE 2012 07 25 00 27 45.30    2.7100   96.0400  22.0 6.4 6.5 NORTHERN SUMATRA, INDONESIA
event name:   C201207250027A
time shift:           3.9000
half duration:        3.7000
latitude:             2.4600
longitude:           95.9300
depth:               20.0000
Mrr:            2.170000E+25
Mtt:           -1.540000E+25
Mpp:           -6.340000E+24
Mrt:            2.500000E+25
Mrp:           -2.800000E+25
Mtp:            9.920000E+24
