 PDE 2013 01 28 16 38 53.60   42.6000   79.7100  15.0 6.2 6.2 LAKE ISSYK-KUL REGION
event name:   C201301281638A
time shift:           3.1000
half duration:        3.0000
latitude:            42.5700
longitude:           79.7600
depth:               24.4000
Mrr:            3.170000E+24
Mtt:           -2.260000E+25
Mpp:            1.950000E+25
Mrt:           -2.950000E+24
Mrp:           -2.010000E+24
Mtp:            1.040000E+25
