 PDE 2016 10 26 05 19 49.90  -15.4400 -174.8600  10.0 6.0 6.1 TONGA ISLANDS
event name:   C201610260519A
time shift:           6.0000
half duration:        2.6000
latitude:           -15.4500
longitude:         -174.9500
depth:               12.0000
Mrr:           -1.650000E+24
Mtt:            1.320000E+25
Mpp:           -1.150000E+25
Mrt:            1.970000E+24
Mrp:           -1.600000E+24
Mtp:            7.010000E+24
