 PDE 2018 09 08 10 02 48.20  -22.2300  170.2000   9.0 5.9 5.8 SOUTHEAST OF LOYALTY ISLANDS
event name:   C201809081002A
time shift:           8.6000
half duration:        2.1000
latitude:           -22.3300
longitude:          170.3000
depth:               20.0000
Mrr:            6.360000E+24
Mtt:           -4.850000E+24
Mpp:           -1.510000E+24
Mrt:            3.750000E+24
Mrp:           -1.910000E+24
Mtp:            3.490000E+24
