 PDE 2012 01 09 04 07 14.70  -10.6200  165.1600  28.0 6.4 6.4 SANTA CRUZ ISLANDS
event name:   C201201090407A
time shift:           6.3000
half duration:        3.9000
latitude:           -10.5600
longitude:          165.0400
depth:               41.7000
Mrr:            1.870000E+25
Mtt:           -3.920000E+25
Mpp:            2.050000E+25
Mrt:            1.410000E+25
Mrp:           -3.300000E+25
Mtp:           -2.160000E+25
