 PDE 2017 01 08 08 52 07.90   -6.2300  147.4800  61.0 5.9 5.9 EASTERN NEW GUINEA REG., P.N.G.
event name:   C201701080852A
time shift:           3.3000
half duration:        2.3000
latitude:            -6.4100
longitude:          147.6500
depth:               65.4000
Mrr:            5.380000E+24
Mtt:           -8.740000E+24
Mpp:            3.360000E+24
Mrt:            5.520000E+24
Mrp:           -3.900000E+24
Mtp:            1.270000E+24
