 PDE 2017 10 31 00 42 08.70  -21.7000  169.1300  24.0 6.7 6.8 SOUTHEAST OF LOYALTY ISLANDS
event name:   C201710310042A
time shift:          12.5000
half duration:        5.5000
latitude:           -21.6100
longitude:          169.1400
depth:               12.6000
Mrr:            1.040000E+26
Mtt:           -2.890000E+25
Mpp:           -7.500000E+25
Mrt:            5.320000E+25
Mrp:           -8.520000E+25
Mtp:            4.550000E+25
