 PDE 2016 07 10 13 41 53.30  -15.0300 -172.8800   8.0 5.8 5.8 SAMOA ISLANDS REGION
event name:   C201607101341A
time shift:           7.2000
half duration:        1.8000
latitude:           -15.0200
longitude:         -172.9700
depth:               15.0000
Mrr:            1.260000E+24
Mtt:            2.280000E+24
Mpp:           -3.540000E+24
Mrt:            2.060000E+24
Mrp:            3.830000E+24
Mtp:            3.350000E+24
