 PDE 2015 03 15 23 17 16.90   -0.5400  122.3100  31.0 6.1 6.1 MINAHASSA PENINSULA, SULAWESI
event name:   C201503152317A
time shift:          11.3000
half duration:        2.6000
latitude:            -0.5300
longitude:          122.3500
depth:               25.1000
Mrr:           -4.180000E+24
Mtt:            5.800000E+24
Mpp:           -1.620000E+24
Mrt:           -4.050000E+24
Mrp:            1.250000E+25
Mtp:           -6.360000E+24
