 PDE 2014 05 31 11 53 46.50   18.7900 -107.4700   5.0 6.2 6.2 OFF COAST OF JALISCO, MEXICO
event name:   C201405311153A
time shift:           3.4000
half duration:        3.0000
latitude:            18.9900
longitude:         -107.5000
depth:               17.0000
Mrr:           -1.620000E+24
Mtt:           -1.450000E+25
Mpp:            1.610000E+25
Mrt:           -8.300000E+23
Mrp:            5.400000E+23
Mtp:           -1.840000E+25
