 PDE 2011 04 01 11 57 54.40   39.3200  141.9500  41.0 5.9 6.0 EASTERN HONSHU, JAPAN
event name:   C201104011157A
time shift:           3.0000
half duration:        2.3000
latitude:            39.3800
longitude:          142.1700
depth:               47.8000
Mrr:            7.620000E+24
Mtt:           -2.900000E+23
Mpp:           -7.330000E+24
Mrt:            3.310000E+24
Mrp:            5.730000E+24
Mtp:           -1.600000E+24
