 PDE 2014 07 19 14 14 01.90   11.7400   57.6400  10.0 6.0 6.0 OWEN FRACTURE ZONE REGION
event name:   C201407191414A
time shift:           0.9000
half duration:        2.5000
latitude:            11.8000
longitude:           57.6700
depth:               12.0000
Mrr:           -2.900000E+23
Mtt:           -1.060000E+25
Mpp:            1.090000E+25
Mrt:           -4.700000E+23
Mrp:           -3.560000E+24
Mtp:           -7.090000E+24
