 PDE 2014 07 25 10 54 49.40   58.2600 -136.9000   1.0 6.0 6.1 SOUTHEASTERN ALASKA
event name:   C201407251054B
time shift:           5.0000
half duration:        2.5000
latitude:            58.4600
longitude:         -137.0500
depth:               12.0000
Mrr:            4.450000E+24
Mtt:           -1.520000E+25
Mpp:            1.080000E+25
Mrt:            3.430000E+24
Mrp:            3.350000E+24
Mtp:            2.120000E+24
