 PDE 2010 02 07 22 28 20.70  -23.3200 -179.8800 544.0 5.8 5.9 SOUTH OF FIJI ISLANDS
event name:   C201002072228A
time shift:           3.2000
half duration:        2.1000
latitude:           -23.2600
longitude:         -179.8300
depth:              554.8000
Mrr:            3.540000E+23
Mtt:            2.020000E+24
Mpp:           -2.370000E+24
Mrt:            2.570000E+24
Mrp:           -6.160000E+24
Mtp:           -2.500000E+24
