 PDE 2011 09 05 11 21 36.90    6.5600  -82.3600  24.6 5.8 5.8 SOUTH OF PANAMA
event name:   C201109051121A
time shift:           4.2000
half duration:        2.0000
latitude:             6.6300
longitude:          -82.4000
depth:               23.6000
Mrr:           -3.310000E+23
Mtt:            1.560000E+24
Mpp:           -1.230000E+24
Mrt:            6.710000E+23
Mrp:           -7.000000E+21
Mtp:            6.950000E+24
