 PDE 2015 12 23 16 55 09.50  -54.1800   -1.4900  10.0 5.9 5.8 BOUVET ISLAND REGION
event name:   C201512231655A
time shift:           5.0000
half duration:        2.1000
latitude:           -54.1800
longitude:           -1.1700
depth:               12.0000
Mrr:           -8.970000E+23
Mtt:            4.740000E+24
Mpp:           -3.850000E+24
Mrt:            1.060000E+23
Mrp:            4.520000E+23
Mtp:           -6.770000E+24
