 PDE 2011 07 10 00 57 10.80   38.0300  143.2600  23.0 7.0 7.0 OFF EAST COAST OF HONSHU, JAPAN
event name:   C201107100057A
time shift:           5.5000
half duration:        7.7000
latitude:            37.9800
longitude:          143.3300
depth:               22.0000
Mrr:            4.910000E+25
Mtt:           -3.250000E+26
Mpp:            2.760000E+26
Mrt:            4.130000E+25
Mrp:            1.360000E+26
Mtp:            2.120000E+26
