 PDE 2019 09 27 12 05 02.50  -30.1700 -177.8600  34.0 6.2 6.1 KERMADEC ISLANDS, NEW ZEALAND
event name:   C201909271205A
time shift:           4.9000
half duration:        3.1000
latitude:           -30.2300
longitude:         -177.7100
depth:               38.7000
Mrr:            1.500000E+25
Mtt:           -5.870000E+24
Mpp:           -9.130000E+24
Mrt:            5.380000E+24
Mrp:            1.440000E+25
Mtp:            1.600000E+25
