 PDE 2014 09 06 06 53 11.80  -26.6500 -114.5000   7.0 6.1 6.1 EASTER ISLAND REGION
event name:   C201409060653A
time shift:           6.0000
half duration:        2.8000
latitude:           -26.8900
longitude:         -114.5600
depth:               12.0000
Mrr:           -1.420000E+25
Mtt:            4.080000E+24
Mpp:            1.010000E+25
Mrt:            7.500000E+23
Mrp:           -2.500000E+23
Mtp:           -1.460000E+25
