 PDE 2018 01 16 15 03 53.30   10.9300  -86.3500  22.0 5.9 5.8 OFF COAST OF COSTA RICA
event name:   C201801161503A
time shift:           4.6000
half duration:        2.3000
latitude:            10.7100
longitude:          -86.6300
depth:               32.6000
Mrr:            7.680000E+24
Mtt:           -4.820000E+24
Mpp:           -2.860000E+24
Mrt:            4.870000E+24
Mrp:           -3.750000E+24
Mtp:            4.560000E+24
