 PDE 2012 09 14 04 51 47.10   -3.3200  100.5900  19.0 6.3 6.3 SOUTHERN SUMATRA, INDONESIA
event name:   C201209140451A
time shift:           4.6000
half duration:        3.9000
latitude:            -3.5800
longitude:          100.3200
depth:               12.0000
Mrr:            9.890000E+24
Mtt:           -4.690000E+24
Mpp:           -5.190000E+24
Mrt:            2.280000E+25
Mrp:           -1.860000E+25
Mtp:            5.460000E+24
