 PDE 2013 09 21 01 39 14.80   -7.2600  119.9600 536.8 6.1 6.1 FLORES SEA
event name:   C201309210139A
time shift:           1.8000
half duration:        2.6000
latitude:            -7.3200
longitude:          119.9200
depth:              550.7000
Mrr:           -9.970000E+24
Mtt:            1.340000E+25
Mpp:           -3.410000E+24
Mrt:            5.290000E+24
Mrp:            8.170000E+24
Mtp:            9.000000E+23
