 PDE 2019 04 05 16 14 16.80  -55.9200  -27.8600  58.6 6.5 6.4 SOUTH SANDWICH ISLANDS REGION
event name:   C201904051614A
time shift:           4.6000
half duration:        4.2000
latitude:           -56.0200
longitude:          -27.4500
depth:               57.6000
Mrr:           -3.310000E+24
Mtt:            1.250000E+25
Mpp:           -9.140000E+24
Mrt:           -4.040000E+25
Mrp:           -4.560000E+25
Mtp:            1.110000E+25
