 PDE 2012 12 14 16 52 38.20  -15.3100 -178.1900  10.0 5.8 5.8 FIJI ISLANDS REGION
event name:   C201212141652A
time shift:           5.8000
half duration:        2.1000
latitude:           -15.2800
longitude:         -177.9600
depth:               15.2000
Mrr:           -2.760000E+23
Mtt:           -9.350000E+23
Mpp:            1.210000E+24
Mrt:            2.240000E+23
Mrp:           -2.470000E+24
Mtp:            7.090000E+24
