 PDE 2012 10 08 06 26 23.00   25.1300 -109.5700  14.0 6.0 6.0 GULF OF CALIFORNIA
event name:   C201210080626A
time shift:           2.0000
half duration:        2.4000
latitude:            25.1700
longitude:         -109.7300
depth:               19.7000
Mrr:           -4.000000E+23
Mtt:           -1.140000E+25
Mpp:            1.180000E+25
Mrt:           -2.250000E+24
Mrp:           -7.600000E+23
Mtp:           -2.220000E+24
