 PDE 2019 10 22 04 18 42.00  -15.1700 -173.0000  29.0 5.9 5.7 TONGA ISLANDS
event name:   C201910220418A
time shift:           3.3000
half duration:        2.1000
latitude:           -15.1500
longitude:         -173.1000
depth:               46.7000
Mrr:            3.580000E+24
Mtt:           -2.700000E+24
Mpp:           -8.790000E+23
Mrt:           -7.780000E+24
Mrp:           -6.520000E+23
Mtp:           -1.320000E+24
