 PDE 2015 09 05 13 16 08.90   49.3600  155.6800  38.0 5.8 5.8 KURIL ISLANDS
event name:   C201509051316A
time shift:           2.4000
half duration:        2.1000
latitude:            49.3400
longitude:          155.9800
depth:               45.5000
Mrr:            6.850000E+24
Mtt:           -2.070000E+24
Mpp:           -4.770000E+24
Mrt:            1.220000E+24
Mrp:            2.520000E+24
Mtp:           -3.360000E+24
