 PDE 2010 08 04 12 58 24.20   51.4200 -178.6500  27.0 6.4 6.4 ANDREANOF ISLANDS, ALEUTIAN IS.
event name:   C201008041258A
time shift:           5.7000
half duration:        3.9000
latitude:            51.1200
longitude:         -178.4800
depth:               31.8000
Mrr:            3.400000E+25
Mtt:           -3.420000E+25
Mpp:            2.000000E+23
Mrt:            2.660000E+25
Mrp:            2.280000E+25
Mtp:           -1.230000E+25
