 PDE 2011 06 13 02 20 49.30  -43.5600  172.7400   6.1 6.0 6.0 SOUTH ISLAND, NEW ZEALAND
event name:   C201106130220A
time shift:           5.9000
half duration:        2.3000
latitude:           -43.5200
longitude:          172.6200
depth:               12.0000
Mrr:            2.950000E+24
Mtt:            5.490000E+24
Mpp:           -8.440000E+24
Mrt:            2.500000E+24
Mrp:           -1.860000E+24
Mtp:           -7.530000E+24
