 PDE 2015 12 31 10 56 58.10   11.1500  -86.6200  20.0 5.8 5.8 NEAR COAST OF NICARAGUA
event name:   C201512311057A
time shift:           4.3000
half duration:        2.0000
latitude:            10.9700
longitude:          -86.8300
depth:               32.3000
Mrr:            5.280000E+24
Mtt:           -3.720000E+24
Mpp:           -1.560000E+24
Mrt:            3.520000E+24
Mrp:           -2.290000E+24
Mtp:            3.050000E+24
