 PDE 2018 12 29 03 39 09.70    5.9000  126.9200  60.2 7.0 7.0 MINDANAO, PHILIPPINES
event name:   C201812290339A
time shift:           5.1000
half duration:        7.5000
latitude:             5.8700
longitude:          126.9100
depth:               54.4000
Mrr:            2.690000E+26
Mtt:            8.470000E+25
Mpp:           -3.540000E+26
Mrt:            1.520000E+26
Mrp:           -9.670000E+25
Mtp:           -5.740000E+25
