 PDE 2013 07 26 21 33 00.00  -57.9200  -23.8400  13.0 6.3 6.3 SOUTH SANDWICH ISLANDS REGION
event name:   C201307262132A
time shift:           5.1000
half duration:        3.3000
latitude:           -58.1200
longitude:          -23.5100
depth:               17.4000
Mrr:           -2.940000E+24
Mtt:           -2.450000E+25
Mpp:            2.750000E+25
Mrt:           -7.780000E+24
Mrp:            1.120000E+25
Mtp:            1.130000E+25
