 PDE 2015 02 25 07 01 00.90   31.0700  141.8200   9.0 5.9 5.9 SOUTHEAST OF HONSHU, JAPAN
event name:   C201502250701A
time shift:           4.0000
half duration:        2.1000
latitude:            30.9900
longitude:          141.9300
depth:               13.4000
Mrr:            6.460000E+24
Mtt:            3.900000E+23
Mpp:           -6.860000E+24
Mrt:           -8.500000E+23
Mrp:            3.460000E+24
Mtp:            1.260000E+24
