 PDE 2014 01 20 02 52 44.30  -40.6600  175.8100  28.0 6.3 6.1 NORTH ISLAND, NEW ZEALAND
event name:   C201401200252A
time shift:           5.9000
half duration:        3.4000
latitude:           -40.6700
longitude:          175.8000
depth:               24.5000
Mrr:           -1.540000E+25
Mtt:            8.970000E+24
Mpp:            6.420000E+24
Mrt:            1.330000E+25
Mrp:            2.750000E+25
Mtp:            7.870000E+24
