 PDE 2013 06 02 05 43 03.50   23.7900  121.1400  17.0 6.3 6.2 TAIWAN
event name:   C201306020543A
time shift:           3.3000
half duration:        3.3000
latitude:            23.8400
longitude:          120.8200
depth:               19.2000
Mrr:            2.030000E+25
Mtt:            1.070000E+24
Mpp:           -2.140000E+25
Mrt:           -5.650000E+24
Mrp:           -2.250000E+25
Mtp:           -3.500000E+24
