 PDE 2011 01 13 16 43 07.70  -20.6100  168.4000  10.0 5.9 5.9 LOYALTY ISLANDS
event name:   C201101131643A
time shift:           6.3000
half duration:        2.3000
latitude:           -20.5500
longitude:          168.2900
depth:               18.4000
Mrr:           -1.060000E+25
Mtt:            2.770000E+24
Mpp:            7.780000E+24
Mrt:            7.300000E+23
Mrp:            7.400000E+23
Mtp:           -3.710000E+24
