 PDE 2016 12 09 19 43 24.10  -10.9700  161.3100  18.4 5.9 5.9 SOLOMON ISLANDS
event name:   C201612091943A
time shift:           3.5000
half duration:        2.2000
latitude:           -11.0200
longitude:          161.2300
depth:               12.2000
Mrr:            7.000000E+24
Mtt:           -2.540000E+24
Mpp:           -4.460000E+24
Mrt:            4.860000E+24
Mrp:           -2.450000E+24
Mtp:            3.120000E+24
