 PDE 2016 02 15 15 02 32.90  -21.0000 -175.4800  10.0 6.0 6.0 TONGA ISLANDS
event name:   C201602151502A
time shift:           7.3000
half duration:        2.5000
latitude:           -21.0400
longitude:         -175.5300
depth:               20.5000
Mrr:            7.200000E+23
Mtt:           -1.300000E+25
Mpp:            1.230000E+25
Mrt:           -1.810000E+24
Mrp:           -1.500000E+23
Mtp:           -5.900000E+24
