 PDE 2013 08 16 03 09 08.10  -41.7400  174.0500   8.5 5.8 5.9 COOK STRAIT, NEW ZEALAND
event name:   C201308160309A
time shift:           5.3000
half duration:        2.1000
latitude:           -41.7200
longitude:          174.0000
depth:               14.9000
Mrr:           -6.810000E+23
Mtt:            5.170000E+24
Mpp:           -4.490000E+24
Mrt:           -1.370000E+24
Mrp:            3.910000E+24
Mtp:           -3.860000E+24
