 PDE 2010 01 10 00 27 39.30   40.6500 -124.6900  29.3 6.5 6.5 NEAR COAST OF NORTHERN CALIF.
event name:   C201001100027A
time shift:           7.5000
half duration:        4.4000
latitude:            40.5300
longitude:         -124.8100
depth:               19.0000
Mrr:           -3.300000E+24
Mtt:           -6.940000E+25
Mpp:            7.270000E+25
Mrt:            3.700000E+24
Mrp:           -6.100000E+24
Mtp:            2.080000E+25
