 PDE 2015 12 24 19 44 03.10  -55.7600 -123.1200  12.3 6.2 6.2 SOUTHERN EAST PACIFIC RISE
event name:   C201512241944A
time shift:           6.4000
half duration:        2.9000
latitude:           -56.0600
longitude:         -123.1100
depth:               12.1000
Mrr:           -3.200000E+23
Mtt:            1.090000E+25
Mpp:           -1.060000E+25
Mrt:           -3.090000E+24
Mrp:           -5.530000E+24
Mtp:            1.780000E+25
