 PDE 2012 04 11 22 41 46.00   43.5800 -127.6400   8.0 6.0 6.0 OFF COAST OF OREGON
event name:   C201204112241A
time shift:           2.5000
half duration:        2.4000
latitude:            43.4000
longitude:         -127.9200
depth:               19.6000
Mrr:           -6.800000E+23
Mtt:           -6.420000E+24
Mpp:            7.100000E+24
Mrt:           -5.640000E+24
Mrp:            1.050000E+24
Mtp:           -7.870000E+24
