 PDE 2019 10 29 08 44 08.60   -6.3100  154.8400  54.3 5.8 5.8 SOLOMON ISLANDS
event name:   C201910290844A
time shift:           1.6000
half duration:        1.9000
latitude:            -6.4900
longitude:          154.7200
depth:               48.4000
Mrr:            6.190000E+24
Mtt:           -3.340000E+24
Mpp:           -2.850000E+24
Mrt:           -2.090000E+23
Mrp:            1.440000E+23
Mtp:            3.450000E+24
