 PDE 2012 06 29 21 07 33.90   43.4300   84.7000  18.0 6.3 6.4 NORTHERN XINJIANG, CHINA
event name:   C201206292107A
time shift:           1.6000
half duration:        3.6000
latitude:            43.4200
longitude:           84.7200
depth:               27.6000
Mrr:            1.160000E+25
Mtt:           -3.550000E+25
Mpp:            2.390000E+25
Mrt:            3.100000E+24
Mrp:            1.950000E+25
Mtp:           -1.240000E+25
