 PDE 2014 04 13 13 24 59.70  -11.1300  162.0500  10.0 6.6 6.6 SOLOMON ISLANDS
event name:   C201404131325A
time shift:          10.7000
half duration:        5.0000
latitude:           -11.0200
longitude:          162.1700
depth:               24.0000
Mrr:            5.030000E+25
Mtt:           -3.410000E+25
Mpp:           -1.620000E+25
Mrt:            2.060000E+25
Mrp:           -7.580000E+25
Mtp:            6.420000E+25
