 PDE 2016 10 17 06 14 58.30   -6.0000  148.8900  42.0 6.7 6.8 NEW BRITAIN REGION, P.N.G.
event name:   C201610170614A
time shift:           7.5000
half duration:        5.7000
latitude:            -6.2500
longitude:          148.9200
depth:               52.2000
Mrr:            1.530000E+26
Mtt:           -1.700000E+26
Mpp:            1.720000E+25
Mrt:            1.130000E+25
Mrp:           -4.800000E+24
Mtp:           -3.000000E+24
