 PDE 2013 11 25 06 27 33.30  -53.9400  -55.0000  11.8 6.9 7.0 FALKLAND ISLANDS REGION
event name:   C201311250627B
time shift:          11.7000
half duration:        7.1000
latitude:           -54.0500
longitude:          -54.5900
depth:               16.0000
Mrr:            1.860000E+25
Mtt:           -2.200000E+26
Mpp:            2.020000E+26
Mrt:           -7.530000E+25
Mrp:            2.640000E+25
Mtp:            2.080000E+26
