 PDE 2011 03 17 04 13 56.80   40.1400  142.1700  29.0 6.1 6.1 NEAR EAST COAST OF HONSHU, JAPAN
event name:   C201103170413A
time shift:           5.3000
half duration:        2.8000
latitude:            40.1700
longitude:          142.5500
depth:               40.8000
Mrr:            1.290000E+25
Mtt:            7.100000E+23
Mpp:           -1.360000E+25
Mrt:            5.640000E+24
Mrp:            1.210000E+25
Mtp:           -2.940000E+24
