 PDE 2013 12 28 18 59 04.90   -1.3700  -15.1700  10.2 5.9 5.8 NORTH OF ASCENSION ISLAND
event name:   C201312281859A
time shift:           4.7000
half duration:        2.2000
latitude:            -1.0800
longitude:          -15.0300
depth:               19.8000
Mrr:           -6.590000E+23
Mtt:            3.610000E+24
Mpp:           -2.960000E+24
Mrt:            7.120000E+23
Mrp:            2.490000E+24
Mtp:           -7.940000E+24
