 PDE 2012 02 14 08 19 55.50  -10.3900  161.1000  51.0 6.4 6.4 SOLOMON ISLANDS
event name:   C201202140819A
time shift:           6.0000
half duration:        3.9000
latitude:           -10.4400
longitude:          161.1300
depth:               57.3000
Mrr:            2.450000E+25
Mtt:           -2.160000E+25
Mpp:           -2.900000E+24
Mrt:           -2.790000E+25
Mrp:           -5.790000E+24
Mtp:            3.390000E+25
