 PDE 2016 01 05 09 34 14.60  -54.2900 -136.2600  10.0 6.0 6.0 PACIFIC-ANTARCTIC RIDGE
event name:   C201601050934A
time shift:           4.4000
half duration:        2.3000
latitude:           -54.4600
longitude:         -136.5600
depth:               12.0000
Mrr:           -6.700000E+23
Mtt:            8.010000E+24
Mpp:           -7.340000E+24
Mrt:           -1.100000E+23
Mrp:            4.600000E+23
Mtp:            7.790000E+24
