 PDE 2019 08 07 05 32 40.60  -15.5000  167.6600 124.0 5.9 5.9 VANUATU ISLANDS
event name:   C201908070532A
time shift:           2.8000
half duration:        2.2000
latitude:           -15.6000
longitude:          167.5700
depth:              136.0000
Mrr:            7.680000E+24
Mtt:            3.500000E+23
Mpp:           -8.030000E+24
Mrt:           -1.780000E+24
Mrp:           -4.040000E+24
Mtp:           -1.650000E+24
