 PDE 2019 09 29 02 02 51.90    5.6900  126.5500  73.0 6.2 6.2 MINDANAO, PHILIPPINES
event name:   C201909290202A
time shift:           1.5000
half duration:        3.2000
latitude:             5.6500
longitude:          126.5800
depth:               77.3000
Mrr:           -6.600000E+23
Mtt:            1.090000E+25
Mpp:           -1.020000E+25
Mrt:           -1.910000E+25
Mrp:            1.980000E+25
Mtp:            3.700000E+23
