 PDE 2014 08 29 03 45 07.50   36.6900   23.7100  80.0 5.8 5.8 SOUTHERN GREECE
event name:   C201408290345A
time shift:           0.8000
half duration:        2.0000
latitude:            36.4600
longitude:           23.6200
depth:              100.2000
Mrr:            8.990000E+23
Mtt:           -8.900000E+22
Mpp:           -8.100000E+23
Mrt:           -6.000000E+23
Mrp:            1.790000E+24
Mtp:           -6.190000E+24
