 PDE 2016 07 25 19 38 45.60   -2.9700  148.0400  14.0 6.4 6.4 ADMIRALTY ISLANDS REGION, P.N.G.
event name:   C201607251938A
time shift:           4.5000
half duration:        3.9000
latitude:            -2.9700
longitude:          148.1800
depth:               12.0000
Mrr:           -1.430000E+24
Mtt:            3.040000E+25
Mpp:           -2.890000E+25
Mrt:            2.850000E+24
Mrp:            1.320000E+25
Mtp:            4.120000E+25
