 PDE 2012 11 15 08 21 48.50   -3.1100  148.2700  10.0 5.9 5.9 BISMARCK SEA
event name:   C201211150821A
time shift:           4.2000
half duration:        2.3000
latitude:            -3.0600
longitude:          148.3800
depth:               12.0000
Mrr:           -4.600000E+23
Mtt:            6.730000E+24
Mpp:           -6.280000E+24
Mrt:            1.690000E+24
Mrp:            1.820000E+24
Mtp:            7.030000E+24
