 PDE 2017 07 15 12 12 21.50    0.4100  121.9800 113.0 5.9 5.9 MINAHASSA PENINSULA, SULAWESI
event name:   C201707151212A
time shift:           1.0000
half duration:        2.3000
latitude:             0.4400
longitude:          121.9500
depth:              125.8000
Mrr:            7.910000E+24
Mtt:           -5.110000E+24
Mpp:           -2.810000E+24
Mrt:           -6.330000E+24
Mrp:           -5.700000E+23
Mtp:           -4.120000E+24
