 PDE 2015 05 29 07 00 09.20   56.6600 -156.5100  70.0 6.8 6.8 ALASKA PENINSULA
event name:   C201505290700A
time shift:           4.6000
half duration:        6.1000
latitude:            56.7100
longitude:         -156.5200
depth:               81.1000
Mrr:            3.790000E+25
Mtt:           -2.000000E+25
Mpp:           -1.800000E+25
Mrt:            6.260000E+25
Mrp:            9.720000E+25
Mtp:            1.580000E+26
