 PDE 2017 11 19 22 43 29.20  -21.3300  168.6700  10.0 7.0 7.0 LOYALTY ISLANDS
event name:   C201711192243A
time shift:          14.0000
half duration:        7.4000
latitude:           -21.4500
longitude:          168.6700
depth:               12.0000
Mrr:           -3.190000E+26
Mtt:            6.790000E+25
Mpp:            2.510000E+26
Mrt:           -7.190000E+25
Mrp:            1.100000E+26
Mtp:           -1.310000E+26
