 PDE 2015 07 01 19 35 21.50  -10.9900  162.5600  12.0 5.9 6.0 SOLOMON ISLANDS
event name:   C201507011935A
time shift:           5.2000
half duration:        2.3000
latitude:           -10.9700
longitude:          162.4700
depth:               22.0000
Mrr:           -1.110000E+25
Mtt:            5.930000E+24
Mpp:            5.150000E+24
Mrt:            4.200000E+23
Mrp:            7.900000E+23
Mtp:            3.100000E+24
