 PDE 2012 10 14 04 58 04.90   -7.1400  156.0500  37.0 5.8 5.8 SOLOMON ISLANDS
event name:   C201210140458A
time shift:           4.5000
half duration:        2.0000
latitude:            -7.3300
longitude:          156.0600
depth:               50.5000
Mrr:            6.330000E+24
Mtt:           -4.210000E+24
Mpp:           -2.120000E+24
Mrt:           -1.340000E+24
Mrp:           -1.850000E+23
Mtp:            3.490000E+24
