 PDE 2010 10 28 03 17 24.80   -5.5100  153.7400  33.0 5.8 5.8 NEW IRELAND REGION, P.N.G.
event name:   C201010280317A
time shift:           3.8000
half duration:        2.0000
latitude:            -5.6200
longitude:          153.8300
depth:               30.3000
Mrr:            1.050000E+24
Mtt:           -1.980000E+23
Mpp:           -8.480000E+23
Mrt:            2.350000E+24
Mrp:           -6.490000E+24
Mtp:            1.250000E+24
