 PDE 2011 03 11 18 59 16.50   37.0100  138.3800   9.3 6.3 6.3 NEAR WEST COAST OF HONSHU, JAPAN
event name:   C201103111859A
time shift:           4.8000
half duration:        3.4000
latitude:            37.0600
longitude:          138.6000
depth:               12.0000
Mrr:            2.350000E+25
Mtt:           -1.430000E+25
Mpp:           -9.210000E+24
Mrt:           -2.030000E+25
Mrp:           -5.140000E+24
Mtp:           -1.960000E+25
