 PDE 2016 12 21 00 17 15.00   -7.5100  127.9200 152.0 6.7 6.7 BANDA SEA
event name:   C201612210017A
time shift:           6.1000
half duration:        5.4000
latitude:            -7.6400
longitude:          127.9300
depth:              161.8000
Mrr:            7.850000E+25
Mtt:           -1.040000E+26
Mpp:            2.540000E+25
Mrt:            5.610000E+25
Mrp:            5.830000E+25
Mtp:            5.410000E+25
