 PDE 2015 06 12 11 07 08.00  -15.6800 -173.0100  48.0 6.0 6.0 TONGA ISLANDS
event name:   C201506121107A
time shift:           5.7000
half duration:        2.5000
latitude:           -15.5400
longitude:         -172.6900
depth:               51.3000
Mrr:           -4.710000E+24
Mtt:            4.660000E+24
Mpp:            5.000000E+22
Mrt:           -3.790000E+24
Mrp:            9.970000E+24
Mtp:           -5.270000E+24
