 PDE 2018 07 07 21 33 49.60  -30.5700 -178.0700  35.0 6.0 6.0 KERMADEC ISLANDS, NEW ZEALAND
event name:   C201807072133A
time shift:           4.6000
half duration:        2.6000
latitude:           -30.6400
longitude:         -177.7900
depth:               46.3000
Mrr:            1.300000E+25
Mtt:           -3.000000E+23
Mpp:           -1.270000E+25
Mrt:            7.700000E+23
Mrp:            6.050000E+24
Mtp:           -3.830000E+24
