 PDE 2019 01 17 15 06 35.70   -3.2300  146.3900  10.0 6.2 6.2 BISMARCK SEA
event name:   C201901171506A
time shift:           7.0000
half duration:        2.9000
latitude:            -3.1500
longitude:          146.3400
depth:               12.0000
Mrr:           -2.600000E+23
Mtt:           -4.710000E+24
Mpp:            4.960000E+24
Mrt:            9.000000E+22
Mrp:           -2.980000E+24
Mtp:            2.080000E+25
