 PDE 2014 03 26 03 29 35.70  -26.1700  179.2900 495.0 6.4 6.3 SOUTH OF FIJI ISLANDS
event name:   C201403260329A
time shift:           5.5000
half duration:        3.7000
latitude:           -26.1400
longitude:          179.3200
depth:              510.0000
Mrr:            1.820000E+25
Mtt:           -1.260000E+25
Mpp:           -5.520000E+24
Mrt:            1.220000E+25
Mrp:           -1.980000E+25
Mtp:           -3.300000E+25
