 PDE 2013 04 17 12 03 31.80   38.4700  141.6300  50.5 5.9 6.0 NEAR EAST COAST OF HONSHU, JAPAN
event name:   C201304171203A
time shift:           2.9000
half duration:        2.2000
latitude:            38.5100
longitude:          141.7000
depth:               55.9000
Mrr:            7.690000E+24
Mtt:           -6.700000E+23
Mpp:           -7.020000E+24
Mrt:            2.000000E+24
Mrp:            5.900000E+24
Mtp:           -1.840000E+24
