 PDE 2011 05 09 18 54 43.70  -56.6500  147.4100   9.0 5.9 6.1 WEST OF MACQUARIE ISLAND
event name:   C201105091854A
time shift:           2.9000
half duration:        2.2000
latitude:           -56.7400
longitude:          147.3200
depth:               12.0000
Mrr:           -5.400000E+23
Mtt:            4.370000E+24
Mpp:           -3.830000E+24
Mrt:            1.600000E+23
Mrp:           -9.000000E+23
Mtp:           -8.740000E+24
