 PDE 2010 07 04 21 55 52.00   39.7000  142.3700  27.0 6.3 6.3 NEAR EAST COAST OF HONSHU, JAPAN
event name:   C201007042155A
time shift:           3.6000
half duration:        3.4000
latitude:            39.6800
longitude:          142.7700
depth:               35.3000
Mrr:            2.150000E+25
Mtt:            2.270000E+24
Mpp:           -2.370000E+25
Mrt:            4.660000E+24
Mrp:            2.350000E+25
Mtp:           -2.260000E+24
