 PDE 2012 12 07 08 31 14.80   37.9100  143.7600  32.0 6.2 6.2 OFF EAST COAST OF HONSHU, JAPAN
event name:   C201212070831A
time shift:           2.4000
half duration:        3.1000
latitude:            37.9400
longitude:          143.9000
depth:               24.9000
Mrr:           -2.360000E+25
Mtt:            1.620000E+24
Mpp:            2.200000E+25
Mrt:            3.030000E+24
Mrp:           -7.700000E+23
Mtp:            1.040000E+25
