 PDE 2019 07 31 05 54 53.20   13.1500  -89.3900  43.0 6.0 5.9 EL SALVADOR
event name:   C201907310554A
time shift:           0.2000
half duration:        2.3000
latitude:            13.1500
longitude:          -89.6100
depth:               53.0000
Mrr:           -6.080000E+24
Mtt:            5.900000E+24
Mpp:            1.800000E+23
Mrt:            4.870000E+24
Mrp:           -6.060000E+24
Mtp:           -4.070000E+24
