 PDE 2015 03 17 22 12 28.90    1.6700  126.5200  44.0 6.3 6.2 NORTHERN MOLUCCA SEA
event name:   C201503172212A
time shift:           3.2000
half duration:        3.4000
latitude:             1.7800
longitude:          126.4800
depth:               41.9000
Mrr:            3.010000E+25
Mtt:            2.480000E+24
Mpp:           -3.260000E+25
Mrt:           -8.350000E+24
Mrp:            1.770000E+24
Mtp:           -5.060000E+24
