 PDE 2011 03 19 01 22 44.80   39.7000  142.9000  15.0 5.9 5.9 NEAR EAST COAST OF HONSHU, JAPAN
event name:   C201103190122A
time shift:           2.9000
half duration:        2.1000
latitude:            39.6700
longitude:          143.2900
depth:               21.5000
Mrr:            4.650000E+24
Mtt:           -6.300000E+22
Mpp:           -4.590000E+24
Mrt:            2.440000E+24
Mrp:            5.900000E+24
Mtp:           -9.210000E+23
