 PDE 2018 06 02 16 28 59.60    4.5900  126.6600  23.1 5.8 5.7 TALAUD ISLANDS, INDONESIA
event name:   C201806021629A
time shift:           3.6000
half duration:        1.9000
latitude:             4.5900
longitude:          126.7600
depth:               28.2000
Mrr:            3.610000E+24
Mtt:            1.210000E+24
Mpp:           -4.810000E+24
Mrt:           -2.650000E+24
Mrp:            1.740000E+24
Mtp:           -3.250000E+24
