 PDE 2016 11 11 21 42 59.70   38.5000  141.5700  42.4 6.2 6.1 NEAR EAST COAST OF HONSHU, JAPAN
event name:   C201611112142A
time shift:           6.1000
half duration:        2.9000
latitude:            38.4600
longitude:          141.7600
depth:               53.7000
Mrr:            1.650000E+25
Mtt:           -5.500000E+23
Mpp:           -1.590000E+25
Mrt:            4.440000E+24
Mrp:            1.370000E+25
Mtp:           -4.110000E+24
