 PDE 2018 12 01 13 27 21.10   -7.3800  128.7100 136.0 6.5 6.4 BANDA SEA
event name:   C201812011327A
time shift:           4.1000
half duration:        4.2000
latitude:            -7.4700
longitude:          128.6700
depth:              146.0000
Mrr:            5.730000E+25
Mtt:           -2.510000E+25
Mpp:           -3.220000E+25
Mrt:            1.260000E+25
Mrp:            1.270000E+25
Mtp:            3.410000E+25
