 PDE 2011 01 09 10 03 44.30  -19.1600  168.3100  24.0 6.5 6.6 VANUATU ISLANDS
event name:   C201101091003A
time shift:           9.3000
half duration:        4.4000
latitude:           -19.2000
longitude:          168.1300
depth:               12.9000
Mrr:           -6.570000E+25
Mtt:            6.550000E+25
Mpp:            1.700000E+23
Mrt:           -1.620000E+25
Mrp:           -1.980000E+25
Mtp:           -1.340000E+25
