 PDE 2018 08 23 03 35 12.30   51.3500 -177.7600  20.0 6.3 6.3 ANDREANOF ISLANDS, ALEUTIAN IS.
event name:   C201808230335A
time shift:           5.2000
half duration:        3.5000
latitude:            51.2600
longitude:         -177.5900
depth:               31.5000
Mrr:            2.620000E+25
Mtt:           -2.430000E+25
Mpp:           -1.900000E+24
Mrt:            2.070000E+25
Mrp:            1.540000E+25
Mtp:           -9.520000E+24
