 PDE 2012 01 22 05 53 42.10  -56.7600  -25.1500  13.0 5.9 6.1 SOUTH SANDWICH ISLANDS REGION
event name:   C201201220553A
time shift:           6.9000
half duration:        2.3000
latitude:           -56.8000
longitude:          -24.5200
depth:               12.0000
Mrr:            6.750000E+24
Mtt:            2.600000E+23
Mpp:           -7.010000E+24
Mrt:           -3.430000E+24
Mrp:            6.800000E+24
Mtp:            1.440000E+24
