 PDE 2011 06 21 02 04 15.90  -11.4800  165.5500  14.0 6.0 6.0 SANTA CRUZ ISLANDS
event name:   C201106210204A
time shift:           5.7000
half duration:        2.5000
latitude:           -11.5500
longitude:          165.3600
depth:               21.6000
Mrr:           -1.260000E+25
Mtt:            4.900000E+23
Mpp:            1.210000E+25
Mrt:            5.000000E+22
Mrp:           -1.020000E+24
Mtp:           -3.430000E+24
