 PDE 2019 04 02 21 35 30.00   52.1700  178.0700   7.9 6.4 6.4 RAT ISLANDS, ALEUTIAN ISLANDS
event name:   C201904022135A
time shift:           7.8000
half duration:        3.8000
latitude:            52.1700
longitude:          177.9700
depth:               12.0000
Mrr:           -4.920000E+24
Mtt:           -1.130000E+25
Mpp:            1.620000E+25
Mrt:           -7.570000E+24
Mrp:           -1.240000E+25
Mtp:           -4.480000E+25
