 PDE 2019 08 18 18 00 25.40   16.6300  146.3200  17.9 5.8 5.9 MARIANA ISLANDS
event name:   C201908181800A
time shift:           4.1000
half duration:        2.0000
latitude:            16.5500
longitude:          146.5500
depth:               13.9000
Mrr:           -2.810000E+24
Mtt:            6.000000E+24
Mpp:           -3.190000E+24
Mrt:           -1.760000E+24
Mrp:           -2.100000E+23
Mtp:           -5.400000E+24
