 PDE 2010 04 10 16 54 24.20  -20.1100 -176.2200 272.9 5.9 6.0 FIJI ISLANDS REGION
event name:   C201004101654A
time shift:           3.2000
half duration:        2.2000
latitude:           -20.1200
longitude:         -175.7400
depth:              278.2000
Mrr:           -1.370000E+23
Mtt:            1.720000E+24
Mpp:           -1.590000E+24
Mrt:            1.790000E+24
Mrp:            9.060000E+24
Mtp:            2.550000E+24
