 PDE 2019 03 20 15 23 58.70  -15.6000  167.6500 119.0 6.3 6.3 VANUATU ISLANDS
event name:   C201903201523A
time shift:           3.5000
half duration:        3.3000
latitude:           -15.5800
longitude:          167.4800
depth:              129.7000
Mrr:            2.510000E+25
Mtt:            1.930000E+24
Mpp:           -2.700000E+25
Mrt:           -1.240000E+24
Mrp:           -1.760000E+25
Mtp:           -4.240000E+24
