 PDE 2011 03 12 01 19 07.20  -16.7200 -173.2100  14.0 5.9 6.0 TONGA ISLANDS
event name:   C201103120119A
time shift:           5.5000
half duration:        2.2000
latitude:           -16.7900
longitude:         -172.7700
depth:               31.8000
Mrr:           -1.010000E+25
Mtt:            1.880000E+24
Mpp:            8.200000E+24
Mrt:           -1.100000E+24
Mrp:            6.900000E+23
Mtp:            2.350000E+24
