 PDE 2017 04 28 20 23 17.30    5.5100  125.0700  26.0 6.8 6.9 MINDANAO, PHILIPPINES
event name:   C201704282023A
time shift:           6.3000
half duration:        6.5000
latitude:             5.4900
longitude:          124.8900
depth:               31.4000
Mrr:            2.250000E+26
Mtt:           -7.670000E+25
Mpp:           -1.490000E+26
Mrt:           -2.290000E+25
Mrp:           -3.870000E+25
Mtp:            1.300000E+26
