 PDE 2015 01 07 05 07 07.50    5.9100  -82.6600   8.0 6.5 6.5 SOUTH OF PANAMA
event name:   C201501070507A
time shift:          10.6000
half duration:        4.1000
latitude:             5.5900
longitude:          -82.6400
depth:               22.8000
Mrr:           -8.400000E+23
Mtt:            1.500000E+23
Mpp:            6.900000E+23
Mrt:            5.320000E+24
Mrp:            7.300000E+23
Mtp:            6.040000E+25
