 PDE 2011 01 27 08 38 28.70   28.1900   59.0100  12.0 6.2 6.2 SOUTHERN IRAN
event name:   C201101270838A
time shift:           3.1000
half duration:        3.1000
latitude:            28.0200
longitude:           59.0200
depth:               14.3000
Mrr:           -1.970000E+24
Mtt:            2.420000E+25
Mpp:           -2.220000E+25
Mrt:            2.040000E+24
Mrp:            4.970000E+24
Mtp:            4.120000E+24
