 PDE 2014 03 15 23 51 33.00   -5.5700  -80.9700  29.0 6.3 6.3 NEAR COAST OF NORTHERN PERU
event name:   C201403152351A
time shift:           1.5000
half duration:        3.4000
latitude:            -5.6500
longitude:          -81.1000
depth:               32.5000
Mrr:            3.250000E+25
Mtt:           -5.280000E+24
Mpp:           -2.720000E+25
Mrt:           -7.720000E+24
Mrp:            1.160000E+25
Mtp:           -5.280000E+24
