 PDE 2016 10 25 16 10 01.70  -15.3900 -174.8300  10.0 5.8 5.8 TONGA ISLANDS
event name:   C201610251610A
time shift:           7.7000
half duration:        2.0000
latitude:           -15.3800
longitude:         -175.0500
depth:               12.0000
Mrr:           -4.050000E+23
Mtt:            5.060000E+24
Mpp:           -4.660000E+24
Mrt:            9.280000E+23
Mrp:           -1.020000E+24
Mtp:            4.980000E+24
