 PDE 2014 07 29 13 27 40.10   -3.4200  146.7700   9.8 6.0 6.0 BISMARCK SEA
event name:   C201407291327A
time shift:           7.5000
half duration:        2.6000
latitude:            -3.3400
longitude:          146.7200
depth:               12.0000
Mrr:            2.800000E+23
Mtt:           -4.220000E+24
Mpp:            3.940000E+24
Mrt:            4.000000E+22
Mrp:           -1.340000E+24
Mtp:            1.370000E+25
