 PDE 2015 11 11 23 36 19.20   -7.2500  128.9300 126.0 5.8 5.8 BANDA SEA
event name:   C201511112336A
time shift:           2.8000
half duration:        2.0000
latitude:            -7.4100
longitude:          128.9300
depth:              137.0000
Mrr:            4.480000E+24
Mtt:           -5.580000E+24
Mpp:            1.100000E+24
Mrt:            2.350000E+24
Mrp:            3.100000E+24
Mtp:            3.360000E+24
