 PDE 2014 07 13 20 00 36.90   -4.0500  151.2700  10.0 5.8 5.8 NEW BRITAIN REGION, P.N.G.
event name:   C201407132000A
time shift:           2.7000
half duration:        2.0000
latitude:            -4.0800
longitude:          151.2900
depth:               14.1000
Mrr:           -3.600000E+23
Mtt:            7.280000E+24
Mpp:           -6.910000E+24
Mrt:            2.600000E+23
Mrp:           -8.200000E+23
Mtp:            1.380000E+24
