 PDE 2010 04 13 23 49 38.30   33.1700   96.5500  17.0 6.9 7.0 QINGHAI, CHINA
event name:   C201004132349A
time shift:           7.6000
half duration:        6.6000
latitude:            33.0500
longitude:           96.7900
depth:               15.7000
Mrr:           -3.820000E+25
Mtt:            2.240000E+26
Mpp:           -1.860000E+26
Mrt:           -1.050000E+26
Mrp:            1.890000E+25
Mtp:            1.100000E+26
