 PDE 2015 11 17 07 10 07.30   38.6700   20.6000  11.0 6.5 6.5 GREECE
event name:   C201511170710A
time shift:           5.6000
half duration:        4.3000
latitude:            38.4700
longitude:           20.5300
depth:               15.0000
Mrr:            1.000000E+24
Mtt:            4.510000E+25
Mpp:           -4.610000E+25
Mrt:            2.910000E+25
Mrp:           -1.120000E+25
Mtp:            4.540000E+25
