 PDE 2010 02 09 01 03 44.40  -15.0500 -173.4900  10.0 6.0 6.0 TONGA ISLANDS
event name:   C201002090103A
time shift:           8.2000
half duration:        2.6000
latitude:           -15.0000
longitude:         -173.0700
depth:               15.0000
Mrr:            9.200000E+23
Mtt:            5.320000E+24
Mpp:           -6.240000E+24
Mrt:            5.180000E+24
Mrp:            1.120000E+25
Mtp:            6.090000E+24
