 PDE 2015 07 26 22 42 13.20  -18.0200 -174.0700   7.3 5.9 5.8 TONGA ISLANDS
event name:   C201507262242A
time shift:           8.1000
half duration:        2.1000
latitude:           -18.1900
longitude:         -174.2000
depth:               12.7000
Mrr:           -3.770000E+24
Mtt:           -5.320000E+24
Mpp:            9.090000E+24
Mrt:           -1.180000E+24
Mrp:            2.210000E+24
Mtp:            2.290000E+24
