 PDE 2017 08 18 02 59 25.60   -1.1100  -13.6600  35.0 6.6 6.6 NORTH OF ASCENSION ISLAND
event name:   C201708180259A
time shift:          13.5000
half duration:        5.0000
latitude:            -0.8700
longitude:          -14.1500
depth:               22.2000
Mrr:           -1.180000E+25
Mtt:            5.200000E+25
Mpp:           -4.020000E+25
Mrt:            1.020000E+25
Mrp:            2.040000E+25
Mtp:           -9.660000E+25
