 PDE 2013 08 16 02 31 05.80  -41.7300  174.1500   8.2 6.5 6.5 COOK STRAIT, NEW ZEALAND
event name:   C201308160231A
time shift:           9.2000
half duration:        4.5000
latitude:           -41.7600
longitude:          174.0400
depth:               12.0000
Mrr:            1.280000E+25
Mtt:            5.030000E+25
Mpp:           -6.310000E+25
Mrt:           -3.180000E+25
Mrp:            2.830000E+25
Mtp:           -3.020000E+25
