 PDE 2019 06 27 11 04 56.30  -30.4000 -179.1800  10.0 6.3 6.3 KERMADEC ISLANDS REGION
event name:   C201906271104A
time shift:           5.7000
half duration:        3.4000
latitude:           -30.3400
longitude:         -179.2200
depth:               12.1000
Mrr:           -4.310000E+24
Mtt:            4.420000E+24
Mpp:           -1.100000E+23
Mrt:            5.680000E+24
Mrp:           -7.650000E+24
Mtp:            3.190000E+25
