 PDE 2019 03 24 04 37 35.90    1.6600  126.4000  45.0 6.2 6.1 NORTHERN MOLUCCA SEA
event name:   C201903240437A
time shift:           3.2000
half duration:        2.9000
latitude:             1.7700
longitude:          126.3600
depth:               41.9000
Mrr:            1.930000E+25
Mtt:            8.800000E+23
Mpp:           -2.020000E+25
Mrt:            2.000000E+22
Mrp:           -4.160000E+24
Mtp:           -6.350000E+24
