 PDE 2017 11 20 00 09 23.70  -21.4900  168.8100  10.0 6.1 6.0 LOYALTY ISLANDS
event name:   C201711200009A
time shift:           6.6000
half duration:        2.6000
latitude:           -21.4900
longitude:          168.8400
depth:               22.0000
Mrr:           -1.560000E+25
Mtt:            5.180000E+24
Mpp:            1.040000E+25
Mrt:           -4.440000E+24
Mrp:           -4.900000E+24
Mtp:           -4.800000E+24
