 PDE 2010 10 08 03 26 13.70   51.3700 -175.3600  19.0 6.4 6.4 ANDREANOF ISLANDS, ALEUTIAN IS.
event name:   C201010080326A
time shift:           3.6000
half duration:        3.8000
latitude:            51.2600
longitude:         -175.4000
depth:               18.1000
Mrr:            3.430000E+25
Mtt:           -3.090000E+25
Mpp:           -3.370000E+24
Mrt:            2.820000E+25
Mrp:            1.720000E+25
Mtp:           -1.050000E+25
