 PDE 2010 01 17 12 00 01.10  -57.6600  -65.8800   5.0 6.2 6.3 DRAKE PASSAGE
event name:   C201001171200A
time shift:           5.3000
half duration:        3.2000
latitude:           -57.9400
longitude:          -66.1600
depth:               18.6000
Mrr:            7.420000E+24
Mtt:            1.290000E+25
Mpp:           -2.030000E+25
Mrt:            7.290000E+24
Mrp:            6.230000E+24
Mtp:            2.080000E+25
