 PDE 2010 01 09 05 51 30.50   -9.1300  157.6300  12.0 6.2 6.2 SOLOMON ISLANDS
event name:   C201001090551A
time shift:           3.7000
half duration:        3.2000
latitude:            -9.2600
longitude:          157.8200
depth:               12.0000
Mrr:            5.050000E+24
Mtt:           -1.550000E+24
Mpp:           -3.500000E+24
Mrt:            2.050000E+24
Mrp:           -2.880000E+24
Mtp:            2.760000E+25
