 PDE 2011 11 30 00 27 07.00   15.4500  119.0000   9.0 6.0 6.1 LUZON, PHILIPPINES
event name:   C201111300027A
time shift:           2.1000
half duration:        2.6000
latitude:            15.5400
longitude:          118.9700
depth:               12.3000
Mrr:           -1.050000E+25
Mtt:            1.630000E+24
Mpp:            8.840000E+24
Mrt:            5.080000E+24
Mrp:            6.640000E+24
Mtp:            6.730000E+24
