 PDE 2014 04 04 01 37 50.60  -20.6400  -70.6500  13.7 6.2 6.3 NEAR COAST OF NORTHERN CHILE
event name:   C201404040137A
time shift:           7.3000
half duration:        3.2000
latitude:           -20.6100
longitude:          -70.9100
depth:               19.5000
Mrr:            1.940000E+25
Mtt:            7.800000E+23
Mpp:           -2.020000E+25
Mrt:            7.780000E+24
Mrp:           -1.690000E+25
Mtp:            3.760000E+24
