 PDE 2016 06 01 22 56 00.80   -2.1000  100.6700  50.0 6.7 6.6 SOUTHERN SUMATRA, INDONESIA
event name:   C201606012256A
time shift:           4.2000
half duration:        5.3000
latitude:            -2.1800
longitude:          100.5700
depth:               28.9000
Mrr:           -1.800000E+24
Mtt:            1.500000E+24
Mpp:            3.000000E+23
Mrt:            5.660000E+25
Mrp:           -1.160000E+26
Mtp:           -5.000000E+23
