 PDE 2011 03 16 03 52 03.00   35.7500  140.7100  10.0 5.8 5.8 NEAR EAST COAST OF HONSHU, JAPAN
event name:   C201103160352A
time shift:           2.3000
half duration:        2.0000
latitude:            35.7800
longitude:          140.8300
depth:               12.0000
Mrr:           -5.920000E+24
Mtt:           -8.710000E+23
Mpp:            6.790000E+24
Mrt:            1.020000E+23
Mrp:            2.540000E+24
Mtp:           -4.150000E+23
