 PDE 2018 04 05 03 53 38.40    6.8300  126.7800  34.0 6.1 6.0 MINDANAO, PHILIPPINES
event name:   C201804050353A
time shift:           3.6000
half duration:        2.6000
latitude:             6.6900
longitude:          126.8800
depth:               45.5000
Mrr:            1.330000E+25
Mtt:            2.040000E+24
Mpp:           -1.530000E+25
Mrt:            4.470000E+24
Mrp:            1.110000E+24
Mtp:           -3.520000E+24
