 PDE 2016 12 18 06 39 42.80   -6.3000  154.3500  12.0 5.8 5.9 SOLOMON ISLANDS
event name:   C201612180639A
time shift:           5.4000
half duration:        2.0000
latitude:            -6.5100
longitude:          154.3100
depth:               21.4000
Mrr:            6.240000E+24
Mtt:           -4.490000E+24
Mpp:           -1.750000E+24
Mrt:            1.200000E+24
Mrp:           -2.120000E+24
Mtp:            2.780000E+24
