 PDE 2016 08 18 18 09 43.90  -55.9000 -123.2400  10.0 6.0 6.0 SOUTHERN EAST PACIFIC RISE
event name:   C201608181809A
time shift:           4.6000
half duration:        2.5000
latitude:           -55.9700
longitude:         -123.6300
depth:               13.4000
Mrr:           -3.600000E+23
Mtt:            7.280000E+24
Mpp:           -6.920000E+24
Mrt:           -2.250000E+24
Mrp:           -1.850000E+24
Mtp:            1.160000E+25
