 PDE 2013 03 24 04 18 34.00   50.7300  160.1600   8.0 6.0 6.1 EAST OF KURIL ISLANDS
event name:   C201303240418A
time shift:           4.3000
half duration:        2.5000
latitude:            50.6800
longitude:          160.3600
depth:               12.0000
Mrr:           -1.170000E+25
Mtt:            6.670000E+24
Mpp:            5.060000E+24
Mrt:            3.540000E+24
Mrp:            4.430000E+24
Mtp:            7.080000E+24
