 PDE 2012 09 09 05 39 37.00   49.2500  155.7500  31.0 6.0 6.0 KURIL ISLANDS
event name:   C201209090539A
time shift:           3.3000
half duration:        2.3000
latitude:            49.2800
longitude:          155.9700
depth:               40.6000
Mrr:            9.270000E+24
Mtt:           -2.610000E+24
Mpp:           -6.670000E+24
Mrt:            1.850000E+24
Mrp:            3.930000E+24
Mtp:           -4.620000E+24
