 PDE 2013 08 28 02 54 41.60  -27.7500  179.6200 480.3 6.2 6.2 KERMADEC ISLANDS REGION
event name:   C201308280254A
time shift:           4.2000
half duration:        3.2000
latitude:           -27.7300
longitude:          179.8400
depth:              492.0000
Mrr:            6.250000E+24
Mtt:           -1.240000E+25
Mpp:            6.190000E+24
Mrt:            1.020000E+25
Mrp:           -4.610000E+24
Mtp:           -2.410000E+25
