 PDE 2011 01 26 15 42 29.60    2.2000   96.8300  23.0 6.0 6.1 NORTHERN SUMATRA, INDONESIA
event name:   C201101261542A
time shift:           5.9000
half duration:        2.5000
latitude:             1.8700
longitude:           96.5200
depth:               22.7000
Mrr:            7.490000E+24
Mtt:           -4.260000E+24
Mpp:           -3.230000E+24
Mrt:            6.590000E+24
Mrp:           -7.920000E+24
Mtp:            3.760000E+24
