 PDE 2012 02 14 06 22 01.20   36.2100  141.3900  28.0 5.8 5.8 NEAR EAST COAST OF HONSHU, JAPAN
event name:   C201202140621A
time shift:           2.7000
half duration:        2.0000
latitude:            36.1700
longitude:          141.7300
depth:               26.4000
Mrr:            4.560000E+24
Mtt:           -8.070000E+23
Mpp:           -3.750000E+24
Mrt:            2.480000E+24
Mrp:            5.220000E+24
Mtp:           -1.820000E+24
