 PDE 2015 05 03 23 40 55.70   -5.5500  151.9100  35.0 5.8 5.9 NEW BRITAIN REGION, P.N.G.
event name:   C201505032340A
time shift:           4.7000
half duration:        2.0000
latitude:            -5.6900
longitude:          151.8900
depth:               33.8000
Mrr:            5.820000E+24
Mtt:           -6.050000E+24
Mpp:            2.290000E+23
Mrt:            3.440000E+24
Mrp:           -2.850000E+23
Mtp:           -1.920000E+24
