 PDE 2016 04 20 12 19 43.90   37.8100  141.6000  33.2 5.9 5.9 NEAR EAST COAST OF HONSHU, JAPAN
event name:   C201604201219A
time shift:           3.3000
half duration:        2.2000
latitude:            37.8100
longitude:          141.7700
depth:               48.5000
Mrr:            7.000000E+24
Mtt:           -5.500000E+23
Mpp:           -6.450000E+24
Mrt:            2.840000E+24
Mrp:            6.170000E+24
Mtp:           -2.170000E+24
