 PDE 2014 02 03 22 36 37.10   -7.1900  128.1700   7.1 5.9 5.8 BANDA SEA
event name:   C201402032236A
time shift:           5.3000
half duration:        2.1000
latitude:            -7.1200
longitude:          128.2000
depth:               12.0000
Mrr:            6.840000E+24
Mtt:           -7.490000E+24
Mpp:            6.500000E+23
Mrt:           -3.040000E+24
Mrp:           -9.200000E+23
Mtp:           -1.170000E+24
