 PDE 2012 05 20 07 20 36.90   39.6500  143.1600  11.0 6.3 6.3 OFF EAST COAST OF HONSHU, JAPAN
event name:   C201205200719A
time shift:           7.1000
half duration:        3.7000
latitude:            39.6100
longitude:          143.5800
depth:               17.2000
Mrr:            2.060000E+25
Mtt:            3.300000E+23
Mpp:           -2.090000E+25
Mrt:            1.450000E+25
Mrp:            3.440000E+25
Mtp:           -3.420000E+24
