 PDE 2013 02 07 18 59 16.30  -11.0000  165.6500  11.0 6.7 6.9 SANTA CRUZ ISLANDS
event name:   C201302071859A
time shift:           7.7000
half duration:        5.7000
latitude:           -10.9400
longitude:          165.5900
depth:               15.2000
Mrr:           -2.660000E+25
Mtt:            3.720000E+25
Mpp:           -1.060000E+25
Mrt:           -4.370000E+25
Mrp:            8.160000E+25
Mtp:           -1.290000E+26
