 PDE 2012 11 02 18 17 32.70    9.2100  126.1600  37.0 6.1 6.1 MINDANAO, PHILIPPINES
event name:   C201211021817A
time shift:           3.2000
half duration:        2.7000
latitude:             9.2300
longitude:          126.4800
depth:               46.1000
Mrr:            1.500000E+25
Mtt:            1.150000E+24
Mpp:           -1.620000E+25
Mrt:            2.690000E+24
Mrp:            3.540000E+24
Mtp:            2.470000E+24
