 PDE 2011 11 28 09 13 11.30   -7.0200  116.9800 616.5 5.8 5.8 BALI SEA
event name:   C201111280913A
time shift:           0.6000
half duration:        2.0000
latitude:            -6.9800
longitude:          116.9900
depth:              628.9000
Mrr:           -4.160000E+24
Mtt:            5.210000E+24
Mpp:           -1.050000E+24
Mrt:            1.810000E+24
Mrp:           -1.720000E+24
Mtp:            4.520000E+24
