 PDE 2013 09 28 07 34 07.30   27.2600   65.5900  14.8 6.8 6.8 PAKISTAN
event name:   C201309280734A
time shift:           4.9000
half duration:        6.4000
latitude:            27.1100
longitude:           65.5000
depth:               15.0000
Mrr:            2.600000E+25
Mtt:           -1.470000E+26
Mpp:            1.210000E+26
Mrt:            3.970000E+25
Mrp:           -1.840000E+26
Mtp:           -8.380000E+25
