 PDE 2014 11 21 10 10 19.60    2.3000  127.0600  35.0 6.5 6.5 NORTHERN MOLUCCA SEA
event name:   C201411211010A
time shift:           5.8000
half duration:        4.5000
latitude:             2.6000
longitude:          127.0800
depth:               30.1000
Mrr:            7.120000E+25
Mtt:           -3.700000E+24
Mpp:           -6.740000E+25
Mrt:           -2.930000E+25
Mrp:            5.300000E+24
Mtp:            2.890000E+25
