 PDE 2012 09 05 13 09 10.10  -12.4800  166.5100  27.0 6.0 6.0 SANTA CRUZ ISLANDS
event name:   C201209051309A
time shift:           6.8000
half duration:        2.4000
latitude:           -12.5800
longitude:          166.1400
depth:               34.0000
Mrr:           -9.770000E+24
Mtt:            1.750000E+24
Mpp:            8.020000E+24
Mrt:           -6.460000E+24
Mrp:           -2.210000E+24
Mtp:           -5.940000E+24
