 PDE 2015 08 15 07 47 06.50  -10.9000  163.8200   8.0 6.4 6.4 SOLOMON ISLANDS
event name:   C201508150747A
time shift:           5.6000
half duration:        4.0000
latitude:           -10.7800
longitude:          163.7100
depth:               20.6000
Mrr:           -1.060000E+24
Mtt:           -2.370000E+25
Mpp:            2.470000E+25
Mrt:            1.370000E+25
Mrp:           -2.970000E+25
Mtp:            3.620000E+25
