 PDE 2010 01 03 21 48 05.30   -8.7400  157.4800  26.0 6.6 6.6 SOLOMON ISLANDS
event name:   C201001032148A
time shift:          11.4000
half duration:        5.1000
latitude:            -9.1200
longitude:          157.4500
depth:               12.0000
Mrr:            7.240000E+25
Mtt:           -3.250000E+25
Mpp:           -3.980000E+25
Mrt:            6.160000E+25
Mrp:           -5.820000E+25
Mtp:            3.690000E+25
