 PDE 2015 06 17 12 51 32.80  -35.3600  -17.1600  10.0 6.9 7.0 SOUTHERN MID-ATLANTIC RIDGE
event name:   C201506171251A
time shift:          16.6000
half duration:        7.0000
latitude:           -35.3800
longitude:          -16.4000
depth:               21.8000
Mrr:            7.600000E+24
Mtt:           -1.310000E+26
Mpp:            1.230000E+26
Mrt:           -5.100000E+24
Mrp:            3.680000E+25
Mtp:            2.640000E+26
