 PDE 2016 08 20 09 01 26.20   40.3900  143.6800  10.0 6.0 6.0 OFF EAST COAST OF HONSHU, JAPAN
event name:   C201608200901A
time shift:           4.6000
half duration:        2.5000
latitude:            40.3300
longitude:          143.9100
depth:               12.0000
Mrr:            6.750000E+24
Mtt:           -7.000000E+22
Mpp:           -6.680000E+24
Mrt:            4.100000E+24
Mrp:            1.030000E+25
Mtp:           -1.710000E+24
