 PDE 2013 08 16 05 31 16.50  -41.6700  174.2600  14.3 5.8 5.9 COOK STRAIT, NEW ZEALAND
event name:   C201308160531A
time shift:           4.3000
half duration:        2.1000
latitude:           -41.7600
longitude:          174.1700
depth:               17.5000
Mrr:            2.730000E+24
Mtt:            2.410000E+24
Mpp:           -5.140000E+24
Mrt:           -3.260000E+24
Mrp:            3.470000E+24
Mtp:           -4.000000E+24
