 PDE 2015 08 10 04 12 15.80   -9.3400  158.0500  22.0 6.6 6.6 SOLOMON ISLANDS
event name:   C201508100412A
time shift:           3.6000
half duration:        4.9000
latitude:            -9.3500
longitude:          158.0700
depth:               12.0000
Mrr:            1.560000E+25
Mtt:            1.240000E+25
Mpp:           -2.810000E+25
Mrt:            1.750000E+25
Mrp:           -1.090000E+25
Mtp:            9.540000E+25
