 PDE 2019 09 06 15 27 56.20  -20.1800  169.0500  27.0 5.9 5.9 VANUATU ISLANDS
event name:   C201909061527A
time shift:           5.8000
half duration:        2.1000
latitude:           -20.2100
longitude:          168.8200
depth:               39.0000
Mrr:            7.430000E+24
Mtt:           -5.300000E+23
Mpp:           -6.900000E+24
Mrt:            6.600000E+23
Mrp:           -2.150000E+24
Mtp:            3.340000E+24
