 PDE 2015 05 24 14 38 59.50  -19.3900 -175.9600  10.0 6.3 6.2 TONGA ISLANDS
event name:   C201505241439A
time shift:           6.1000
half duration:        3.3000
latitude:           -19.4000
longitude:         -176.0500
depth:               16.0000
Mrr:           -1.500000E+23
Mtt:           -2.860000E+25
Mpp:            2.880000E+25
Mrt:           -8.020000E+24
Mrp:            6.790000E+24
Mtp:           -2.860000E+24
