 PDE 2012 12 27 00 37 08.80  -35.7800  -73.2500  14.2 5.8 5.9 OFF COAST OF CENTRAL CHILE
event name:   C201212270037A
time shift:           3.7000
half duration:        1.9000
latitude:           -35.8900
longitude:          -73.7700
depth:               12.0000
Mrr:            3.220000E+24
Mtt:            8.700000E+22
Mpp:           -3.300000E+24
Mrt:           -8.870000E+23
Mrp:           -5.320000E+24
Mtp:           -7.350000E+23
