 PDE 2011 04 06 14 01 43.30    1.6200   97.1000  25.3 5.9 6.0 NORTHERN SUMATRA, INDONESIA
event name:   C201104061401A
time shift:           3.5000
half duration:        2.1000
latitude:             1.4000
longitude:           96.8200
depth:               24.4000
Mrr:            5.240000E+24
Mtt:           -2.010000E+24
Mpp:           -3.230000E+24
Mrt:            4.300000E+24
Mrp:           -3.830000E+24
Mtp:            2.400000E+24
