 PDE 2011 09 09 19 26 01.10  -49.5800  164.0000  10.0 5.9 5.9 AUCKLAND ISLANDS, N.Z. REGION
event name:   C201109091926A
time shift:           6.7000
half duration:        2.3000
latitude:           -49.9300
longitude:          163.2000
depth:               18.7000
Mrr:           -8.000000E+23
Mtt:            1.050000E+25
Mpp:           -9.700000E+24
Mrt:            1.000000E+23
Mrp:           -1.100000E+24
Mtp:           -1.120000E+24
