 PDE 2012 01 15 13 40 19.50  -60.9500  -56.1100   8.0 6.5 6.6 SOUTH SHETLAND ISLANDS
event name:   C201201151340A
time shift:           6.7000
half duration:        4.6000
latitude:           -60.6200
longitude:          -56.4700
depth:               13.6000
Mrr:           -3.700000E+24
Mtt:            8.080000E+25
Mpp:           -7.710000E+25
Mrt:            2.600000E+24
Mrp:            2.610000E+25
Mtp:            1.360000E+25
