 PDE 2013 04 14 01 32 22.60   -6.4700  154.6100  31.0 6.5 6.6 SOLOMON ISLANDS
event name:   C201304140132A
time shift:           5.1000
half duration:        4.5000
latitude:            -6.7400
longitude:          154.5600
depth:               28.9000
Mrr:            6.370000E+25
Mtt:           -3.540000E+25
Mpp:           -2.830000E+25
Mrt:            3.360000E+25
Mrp:           -3.200000E+25
Mtp:            3.470000E+25
