 PDE 2010 09 04 08 52 04.10  -17.3700 -174.0000  69.0 6.0 6.1 TONGA ISLANDS
event name:   C201009040852A
time shift:           5.5000
half duration:        2.6000
latitude:           -17.3300
longitude:         -173.5400
depth:               83.1000
Mrr:            8.830000E+24
Mtt:            1.780000E+24
Mpp:           -1.060000E+25
Mrt:           -3.690000E+24
Mrp:           -9.500000E+24
Mtp:            3.820000E+24
