 PDE 2011 09 03 01 06 53.80  -12.7800  166.7900  85.0 5.8 5.8 SANTA CRUZ ISLANDS
event name:   C201109030106A
time shift:           3.3000
half duration:        2.0000
latitude:           -12.8000
longitude:          166.5400
depth:               94.1000
Mrr:            5.860000E+24
Mtt:           -6.240000E+24
Mpp:            3.820000E+23
Mrt:           -2.440000E+24
Mrp:           -2.120000E+24
Mtp:           -1.380000E+24
