 PDE 2014 05 15 10 16 42.00    9.3800  122.0600  15.5 6.2 6.3 NEGROS, PHILIPPINES
event name:   C201405151016A
time shift:           5.5000
half duration:        3.3000
latitude:             9.4000
longitude:          121.9200
depth:               24.0000
Mrr:            2.340000E+25
Mtt:            6.030000E+24
Mpp:           -2.940000E+25
Mrt:            1.060000E+25
Mrp:           -3.390000E+24
Mtp:            7.340000E+24
