 PDE 2012 03 14 12 05 04.50   35.6900  140.7000  10.0 6.0 6.0 NEAR EAST COAST OF HONSHU, JAPAN
event name:   C201203141205A
time shift:           4.1000
half duration:        2.4000
latitude:            35.8300
longitude:          140.8900
depth:               22.7000
Mrr:           -1.170000E+25
Mtt:            2.040000E+24
Mpp:            9.700000E+24
Mrt:            4.570000E+24
Mrp:            3.600000E+23
Mtp:            2.270000E+24
