 PDE 2013 12 17 23 38 06.80   20.7700  146.7900   9.0 6.2 6.2 MARIANA ISLANDS REGION
event name:   C201312172338A
time shift:           4.8000
half duration:        3.0000
latitude:            20.8600
longitude:          146.9900
depth:               12.0000
Mrr:           -2.390000E+25
Mtt:            9.140000E+24
Mpp:            1.480000E+25
Mrt:            2.300000E+23
Mrp:            3.440000E+24
Mtp:           -1.160000E+25
