 PDE 2016 04 28 19 33 24.10  -16.0400  167.3800  24.0 7.0 7.0 VANUATU ISLANDS
event name:   C201604281933A
time shift:           9.6000
half duration:        7.5000
latitude:           -16.0500
longitude:          167.2600
depth:               33.5000
Mrr:            3.330000E+26
Mtt:           -6.080000E+25
Mpp:           -2.720000E+26
Mrt:            3.240000E+25
Mrp:           -1.090000E+26
Mtp:            1.560000E+26
