 PDE 2019 03 30 11 20 42.60   -5.7000  151.1000  41.0 6.2 6.2 NEW BRITAIN REGION, P.N.G.
event name:   C201903301120A
time shift:           3.8000
half duration:        3.1000
latitude:            -5.9400
longitude:          151.0600
depth:               47.6000
Mrr:            2.160000E+25
Mtt:           -2.360000E+25
Mpp:            2.010000E+24
Mrt:            7.540000E+24
Mrp:           -2.770000E+24
Mtp:           -6.490000E+24
