 PDE 2017 10 08 14 04 38.50  -18.9900 -175.5700  10.0 6.0 6.1 TONGA ISLANDS
event name:   C201710081404A
time shift:           8.1000
half duration:        2.6000
latitude:           -19.0300
longitude:         -175.8200
depth:               12.9000
Mrr:           -1.050000E+24
Mtt:           -9.380000E+24
Mpp:            1.040000E+25
Mrt:           -1.110000E+24
Mrp:            1.640000E+24
Mtp:           -1.130000E+25
