 PDE 2013 04 10 20 20 26.80   20.7200  122.0600  11.5 5.8 5.9 PHILIPPINE ISLANDS REGION
event name:   C201304102020A
time shift:           2.1000
half duration:        2.0000
latitude:            20.8200
longitude:          122.0600
depth:               12.0000
Mrr:            5.270000E+24
Mtt:            9.790000E+23
Mpp:           -6.250000E+24
Mrt:            1.340000E+23
Mrp:            2.080000E+24
Mtp:           -4.620000E+24
