 PDE 2017 09 26 20 22 11.60   40.3300  142.3400  37.0 5.9 5.8 NEAR EAST COAST OF HONSHU, JAPAN
event name:   C201709262022A
time shift:           4.2000
half duration:        2.2000
latitude:            40.3100
longitude:          142.5300
depth:               43.7000
Mrr:            7.170000E+24
Mtt:           -6.000000E+22
Mpp:           -7.110000E+24
Mrt:            2.750000E+24
Mrp:            5.600000E+24
Mtp:           -1.690000E+24
