 PDE 2016 08 24 01 36 32.90   42.7200   13.1900   4.4 6.2 6.2 CENTRAL ITALY
event name:   C201608240136A
time shift:           3.2000
half duration:        3.1000
latitude:            42.6400
longitude:           13.2200
depth:               12.0000
Mrr:           -2.400000E+25
Mtt:            5.330000E+24
Mpp:            1.860000E+25
Mrt:            1.600000E+23
Mrp:           -6.600000E+24
Mtp:           -9.850000E+24
