 PDE 2017 01 10 15 27 14.80  -10.1100  161.0300  26.0 6.3 6.3 SOLOMON ISLANDS
event name:   C201701101527A
time shift:           3.4000
half duration:        3.3000
latitude:           -10.2100
longitude:          161.0300
depth:               32.0000
Mrr:            3.060000E+25
Mtt:           -1.030000E+25
Mpp:           -2.040000E+25
Mrt:           -3.520000E+24
Mrp:            1.550000E+24
Mtp:            1.340000E+25
