 PDE 2011 03 17 02 48 00.00  -17.2700  167.8300  17.0 6.2 6.3 VANUATU ISLANDS
event name:   C201103170247A
time shift:           6.6000
half duration:        3.1000
latitude:           -17.3200
longitude:          167.6400
depth:               22.0000
Mrr:            2.100000E+25
Mtt:            4.900000E+23
Mpp:           -2.150000E+25
Mrt:            4.370000E+24
Mrp:           -1.410000E+25
Mtp:            4.060000E+24
