 PDE 2017 02 10 14 03 43.90    9.9100  125.4500  15.0 6.5 6.5 MINDANAO, PHILIPPINES
event name:   C201702101403A
time shift:           3.6000
half duration:        4.2000
latitude:             9.8500
longitude:          125.4900
depth:               12.0000
Mrr:            5.500000E+23
Mtt:            3.950000E+25
Mpp:           -4.000000E+25
Mrt:           -1.240000E+25
Mrp:           -2.140000E+25
Mtp:           -4.260000E+25
