 PDE 2013 08 12 00 53 44.00   -7.1500  129.8100  95.0 6.1 6.1 BANDA SEA
event name:   C201308120053A
time shift:           1.9000
half duration:        2.7000
latitude:            -7.2400
longitude:          129.8300
depth:              105.2000
Mrr:            1.300000E+25
Mtt:           -1.410000E+25
Mpp:            1.180000E+24
Mrt:            1.020000E+25
Mrp:            4.800000E+24
Mtp:            2.180000E+24
