 PDE 2019 02 02 09 27 36.00   -2.8500  100.0700  20.0 6.1 6.1 SOUTHERN SUMATRA, INDONESIA
event name:   M201902020927A
time shift:           4.4000
half duration:        2.9000
latitude:            -3.1100
longitude:           99.8600
depth:               27.6000
Mrr:            8.220000E+24
Mtt:           -3.760000E+24
Mpp:           -4.470000E+24
Mrt:            1.420000E+25
Mrp:           -1.220000E+25
Mtp:            4.110000E+24
