 PDE 2007 09 14 11 51 30.20  -23.6500  179.6800 552.4 5.9 0.0 SOUTH OF FIJI ISLANDS
event name:   B200709141151A
time shift:           4.7000
half duration:        2.1000
latitude:           -23.6400
longitude:          179.8300
depth:              580.2000
Mrr:            4.130000E+24
Mtt:           -4.380000E+24
Mpp:            2.460000E+23
Mrt:           -3.550000E+24
Mrp:           -4.530000E+24
Mtp:           -3.260000E+24
