 PDE 2006 03 28 13 32 47.60   31.7100  137.7500 401.0 5.9 0.0 SOUTHEAST OF HONSHU, JAPAN
event name:   B200603281332A
time shift:           2.1000
half duration:        2.2000
latitude:            31.7200
longitude:          137.7900
depth:              411.6000
Mrr:            2.250000E+23
Mtt:            1.700000E+24
Mpp:           -1.920000E+24
Mrt:            2.280000E+24
Mrp:           -8.560000E+24
Mtp:           -1.330000E+24
