 PDE 2014 12 31 00 06 09.90  -20.3100 -178.5500 605.8 5.9 5.4 FIJI ISLANDS REGION
event name:   B201412310006A
time shift:           3.4000
half duration:        2.3000
latitude:           -20.2800
longitude:         -178.6100
depth:              608.6000
Mrr:           -3.850000E+24
Mtt:           -2.030000E+24
Mpp:            5.870000E+24
Mrt:           -7.140000E+24
Mrp:           -5.160000E+24
Mtp:            1.690000E+24
