 PDE 2009 02 28 14 33 06.30  -60.5300  -24.8000  15.0 6.3 6.3 SOUTH SANDWICH ISLANDS REGION
event name:   C200902281433A
time shift:           6.0000
half duration:        3.4000
latitude:           -61.0300
longitude:          -24.3900
depth:               17.0000
Mrr:           -1.880000E+25
Mtt:            5.750000E+24
Mpp:            1.300000E+25
Mrt:            8.590000E+24
Mrp:            1.960000E+25
Mtp:            2.420000E+25
