 PDE 2007 05 16 08 56 16.50   20.5000  100.7500  23.8 6.3 6.4 LAOS
event name:   C200705160856A
time shift:           1.9000
half duration:        3.4000
latitude:            20.5200
longitude:          100.8900
depth:               12.6000
Mrr:           -2.260000E+24
Mtt:           -3.030000E+25
Mpp:            3.250000E+25
Mrt:            3.470000E+24
Mrp:            3.980000E+24
Mtp:            1.040000E+25
