 PDE 2008 06 03 16 20 50.40  -10.5100  161.2700  84.0 6.2 6.2 SOLOMON ISLANDS
event name:   C200806031620A
time shift:           2.8000
half duration:        3.1000
latitude:           -10.4600
longitude:          161.4200
depth:               91.0000
Mrr:           -2.370000E+25
Mtt:            3.710000E+24
Mpp:            2.000000E+25
Mrt:            4.900000E+24
Mrp:           -4.910000E+24
Mtp:            1.400000E+25
