 PDE 2006 08 24 21 50 36.70   51.1500  157.5200  43.0 6.5 6.5 NEAR EAST COAST OF KAMCHATKA
event name:   C200608242150A
time shift:           5.0000
half duration:        4.1000
latitude:            50.9200
longitude:          158.1700
depth:               50.2000
Mrr:            5.610000E+25
Mtt:           -1.210000E+25
Mpp:           -4.400000E+25
Mrt:            6.250000E+24
Mrp:            2.010000E+25
Mtp:           -2.500000E+25
