 PDE 2008 10 11 09 06 10.80   43.3700   46.2500  16.0 5.8 5.8 EASTERN CAUCASUS
event name:   C200810110906A
time shift:           5.1000
half duration:        2.0000
latitude:            43.4000
longitude:           46.1900
depth:               13.0000
Mrr:            5.890000E+24
Mtt:           -6.720000E+24
Mpp:            8.230000E+23
Mrt:           -9.530000E+23
Mrp:            1.400000E+24
Mtp:            2.070000E+23
