 PDE 2008 05 19 03 16 13.60  -47.7800   31.9700  10.0 5.9 5.9 SOUTH OF AFRICA
event name:   C200805190316A
time shift:           3.5000
half duration:        2.3000
latitude:           -47.7200
longitude:           32.1600
depth:               15.6000
Mrr:           -7.600000E+23
Mtt:            6.170000E+24
Mpp:           -5.410000E+24
Mrt:            5.600000E+23
Mrp:           -1.490000E+24
Mtp:            7.860000E+24
