 PDE 2008 03 12 11 23 34.10  -16.5700  167.3400  13.0 6.4 6.4 VANUATU ISLANDS
event name:   C200803121123A
time shift:           6.8000
half duration:        4.0000
latitude:           -16.5900
longitude:          167.2200
depth:               12.0000
Mrr:            3.770000E+25
Mtt:            2.860000E+24
Mpp:           -4.060000E+25
Mrt:            6.620000E+24
Mrp:           -3.900000E+25
Mtp:            6.400000E+24
