 PDE 2005 05 18 10 27 06.40  -15.3200 -173.2400  10.0 6.2 6.0 TONGA ISLANDS
event name:   C200505181027A
time shift:           9.2000
half duration:        3.0000
latitude:           -15.2200
longitude:         -172.7300
depth:               15.0000
Mrr:            1.490000E+25
Mtt:            3.130000E+24
Mpp:           -1.810000E+25
Mrt:            3.560000E+24
Mrp:            1.650000E+25
Mtp:            4.960000E+24
