 PDE 2006 11 30 21 20 11.60  -53.8400 -134.3600  10.0 6.2 6.2 PACIFIC-ANTARCTIC RIDGE
event name:   C200611302120A
time shift:           5.9000
half duration:        3.2000
latitude:           -54.0100
longitude:         -133.9500
depth:               12.0000
Mrr:           -6.700000E+23
Mtt:            1.470000E+25
Mpp:           -1.410000E+25
Mrt:            4.140000E+24
Mrp:            1.180000E+25
Mtp:            1.940000E+25
