 PDE 2005 04 09 15 16 27.90   56.1700 -154.5200  14.0 5.8 5.7 KODIAK ISLAND REGION, ALASKA
event name:   C200504091516A
time shift:           1.1000
half duration:        2.1000
latitude:            56.1600
longitude:         -154.2400
depth:               13.0000
Mrr:           -1.100000E+22
Mtt:            3.390000E+24
Mpp:           -3.380000E+24
Mrt:            3.510000E+24
Mrp:            3.470000E+24
Mtp:           -2.910000E+24
