 PDE 2007 04 25 13 34 14.20  -14.2800  166.8600  55.0 6.4 6.3 VANUATU ISLANDS
event name:   C200704251334A
time shift:           5.8000
half duration:        3.7000
latitude:           -14.2800
longitude:          166.6500
depth:               62.9000
Mrr:            2.990000E+25
Mtt:           -1.690000E+25
Mpp:           -1.300000E+25
Mrt:           -2.560000E+25
Mrp:            3.610000E+24
Mtp:            2.280000E+25
