 PDE 2009 10 08 08 28 48.00  -13.3000  165.9100  35.0 6.7 6.8 VANUATU ISLANDS
event name:   C200910080828A
time shift:           4.8000
half duration:        6.1000
latitude:           -13.1400
longitude:          166.0900
depth:               13.8000
Mrr:            1.270000E+26
Mtt:           -1.110000E+25
Mpp:           -1.160000E+26
Mrt:            4.560000E+25
Mrp:           -8.610000E+25
Mtp:            3.650000E+25
