 PDE 2009 02 17 03 30 53.30  -30.7200 -178.6200  13.0 5.8 6.0 KERMADEC ISLANDS, NEW ZEALAND
event name:   C200902170330A
time shift:           5.3000
half duration:        2.0000
latitude:           -30.5600
longitude:         -178.5400
depth:               12.1000
Mrr:            7.960000E+24
Mtt:           -2.830000E+24
Mpp:           -5.130000E+24
Mrt:           -2.510000E+24
Mrp:           -1.190000E+24
Mtp:            1.550000E+24
