 PDE 2005 11 10 19 29 54.10   57.4700  120.5900   6.0 5.8 5.7 SOUTHEASTERN SIBERIA, RUSSIA
event name:   C200511101929A
time shift:           1.4000
half duration:        2.0000
latitude:            57.4800
longitude:          120.6300
depth:               12.0000
Mrr:           -6.370000E+24
Mtt:            6.810000E+24
Mpp:           -4.380000E+23
Mrt:           -1.780000E+24
Mrp:            1.430000E+24
Mtp:            2.000000E+22
