 PDE 2005 08 30 18 10 45.50   38.4800  143.1800  21.1 6.0 5.7 OFF EAST COAST OF HONSHU, JAPAN
event name:   C200508301810A
time shift:           3.2000
half duration:        2.5000
latitude:            38.5300
longitude:          143.2900
depth:               13.0000
Mrr:            4.600000E+24
Mtt:           -1.140000E+24
Mpp:           -3.460000E+24
Mrt:            5.770000E+24
Mrp:            7.810000E+24
Mtp:           -2.940000E+24
