 PDE 2006 04 30 19 33 18.90  -15.5200 -173.1000  10.0 6.0 5.9 TONGA ISLANDS
event name:   C200604301933A
time shift:           7.1000
half duration:        2.3000
latitude:           -15.5400
longitude:         -172.5800
depth:               18.5000
Mrr:            8.920000E+24
Mtt:            6.300000E+23
Mpp:           -9.550000E+24
Mrt:           -3.700000E+23
Mrp:            5.500000E+24
Mtp:            1.090000E+24
