 PDE 2006 03 31 13 21 00.40  -29.6100 -176.8200  17.0 6.5 6.7 KERMADEC ISLANDS REGION
event name:   C200603311321A
time shift:           8.9000
half duration:        4.5000
latitude:           -29.4900
longitude:         -176.4100
depth:               12.0000
Mrr:            4.920000E+25
Mtt:           -2.540000E+24
Mpp:           -4.670000E+25
Mrt:            1.240000E+25
Mrp:            5.970000E+25
Mtp:           -1.690000E+25
