 PDE 2007 04 01 21 11 33.20   -7.3100  155.7400  10.0 6.9 0.0 SOLOMON ISLANDS
event name:   C200704012111A
time shift:           9.7000
half duration:        6.7000
latitude:            -7.4600
longitude:          155.8000
depth:               29.6000
Mrr:            1.980000E+26
Mtt:           -1.030000E+26
Mpp:           -9.500000E+25
Mrt:           -2.940000E+25
Mrp:           -1.410000E+26
Mtp:            1.260000E+26
