 PDE 2008 10 19 05 10 33.90  -21.8600 -173.8200  29.0 6.9 7.0 TONGA ISLANDS
event name:   C200810190510A
time shift:           6.6000
half duration:        6.9000
latitude:           -21.8200
longitude:         -173.5600
depth:               43.3000
Mrr:            2.750000E+26
Mtt:           -3.000000E+24
Mpp:           -2.720000E+26
Mrt:            3.150000E+25
Mrp:            5.400000E+24
Mtp:           -7.720000E+25
