 PDE 2007 12 22 12 26 18.60    2.0900   96.8000  31.9 6.1 5.9 NORTHERN SUMATRA, INDONESIA
event name:   C200712221226A
time shift:           2.7000
half duration:        2.3000
latitude:             1.9200
longitude:           96.5800
depth:               25.0000
Mrr:            5.110000E+24
Mtt:           -3.190000E+24
Mpp:           -1.910000E+24
Mrt:            1.160000E+25
Mrp:           -1.440000E+25
Mtp:            3.280000E+24
