 PDE 2005 07 09 10 07 01.30    2.7500  126.5300  22.3 5.9 5.2 NORTHERN MOLUCCA SEA
event name:   C200507091007A
time shift:           6.8000
half duration:        2.2000
latitude:             2.9700
longitude:          126.5100
depth:               25.5000
Mrr:            3.440000E+24
Mtt:            4.220000E+24
Mpp:           -7.670000E+24
Mrt:            1.000000E+23
Mrp:           -6.160000E+24
Mtp:           -2.850000E+24
