 PDE 2007 10 24 21 02 50.50   -3.9000  101.0200  20.0 6.8 6.9 SOUTHERN SUMATRA, INDONESIA
event name:   C200710242102A
time shift:           7.3000
half duration:        8.0000
latitude:            -4.4000
longitude:          100.8100
depth:               20.0000
Mrr:            8.770000E+25
Mtt:           -4.830000E+25
Mpp:           -3.940000E+25
Mrt:            1.770000E+26
Mrp:           -1.130000E+26
Mtp:            4.490000E+25
