 PDE 2008 05 25 08 21 48.70   32.5700  105.4200  10.0 6.1 6.0 SICHUAN, CHINA
event name:   C200805250821A
time shift:           3.7000
half duration:        2.6000
latitude:            32.5700
longitude:          105.4500
depth:               27.0000
Mrr:           -3.400000E+23
Mtt:            1.400000E+25
Mpp:           -1.370000E+25
Mrt:            1.460000E+24
Mrp:           -1.170000E+24
Mtp:           -7.540000E+24
