 PDE 2009 10 08 10 11 07.50  -11.2600  165.8200  44.7 6.1 0.0 SANTA CRUZ ISLANDS
event name:   C200910081011A
time shift:           2.3000
half duration:        2.6000
latitude:           -11.4000
longitude:          165.5700
depth:               31.1000
Mrr:            1.480000E+25
Mtt:           -3.410000E+24
Mpp:           -1.140000E+25
Mrt:            1.640000E+24
Mrp:           -6.590000E+24
Mtp:            3.630000E+24
