 PDE 2006 08 20 13 35 00.00  -60.9100  -34.0600  10.0 5.8 5.9 SCOTIA SEA
event name:   C200608201335A
time shift:           4.3000
half duration:        2.0000
latitude:           -61.1200
longitude:          -34.1000
depth:               12.0000
Mrr:           -8.700000E+22
Mtt:           -2.860000E+24
Mpp:            2.950000E+24
Mrt:            1.200000E+22
Mrp:            6.940000E+23
Mtp:            6.690000E+24
