 PDE 2008 04 28 20 26 53.10  -20.2400  168.8200  35.0 6.0 6.1 LOYALTY ISLANDS
event name:   C200804282026A
time shift:           4.1000
half duration:        2.5000
latitude:           -20.2300
longitude:          168.8100
depth:               17.1000
Mrr:           -1.250000E+25
Mtt:            9.350000E+24
Mpp:            3.100000E+24
Mrt:           -2.690000E+24
Mrp:           -3.990000E+24
Mtp:           -7.120000E+24
