 PDE 2008 01 20 20 26 04.90    2.3500  126.8200  35.0 6.1 6.1 NORTHERN MOLUCCA SEA
event name:   C200801202026A
time shift:           6.0000
half duration:        2.7000
latitude:             2.6800
longitude:          126.8600
depth:               39.8000
Mrr:           -4.700000E+23
Mtt:            5.390000E+24
Mpp:           -4.920000E+24
Mrt:            3.810000E+24
Mrp:            2.050000E+24
Mtp:            1.550000E+25
