 PDE 2006 03 06 18 13 08.40  -40.1000   78.4900  10.0 6.2 6.1 MID-INDIAN RIDGE
event name:   C200603061813A
time shift:           4.9000
half duration:        3.0000
latitude:           -40.1700
longitude:           78.3300
depth:               13.0000
Mrr:           -1.840000E+24
Mtt:           -2.300000E+25
Mpp:            2.480000E+25
Mrt:           -1.350000E+24
Mrp:            8.100000E+23
Mtp:           -1.440000E+24
