 PDE 2006 04 29 16 58 06.30   60.4900  167.5200  11.0 6.6 6.6 EASTERN SIBERIA, RUSSIA
event name:   C200604291658A
time shift:           7.0000
half duration:        4.8000
latitude:            60.5100
longitude:          167.6000
depth:               12.0000
Mrr:            7.360000E+25
Mtt:           -1.800000E+25
Mpp:           -5.560000E+25
Mrt:           -1.570000E+25
Mrp:            3.370000E+25
Mtp:           -5.610000E+25
