 PDE 2008 06 27 11 40 14.00   11.0100   91.8200  17.0 6.6 6.7 ANDAMAN ISLANDS, INDIA REGION
event name:   C200806271140A
time shift:           5.2000
half duration:        4.7000
latitude:            10.9200
longitude:           91.8200
depth:               17.1000
Mrr:           -5.630000E+25
Mtt:           -4.120000E+25
Mpp:            9.750000E+25
Mrt:           -1.950000E+25
Mrp:            1.570000E+25
Mtp:            2.360000E+25
