 PDE 2009 08 10 04 06 31.00  -11.6100  166.0900  35.0 6.5 6.6 SANTA CRUZ ISLANDS
event name:   C200908100406A
time shift:           8.7000
half duration:        4.6000
latitude:           -11.6000
longitude:          165.9300
depth:               43.6000
Mrr:            8.180000E+25
Mtt:           -3.400000E+24
Mpp:           -7.830000E+25
Mrt:           -3.000000E+23
Mrp:            3.000000E+24
Mtp:            2.350000E+25
