 PDE 2006 02 26 03 08 27.80  -23.6100 -179.9900 535.2 6.4 0.0 SOUTH OF FIJI ISLANDS
event name:   C200602260308A
time shift:           4.0000
half duration:        3.8000
latitude:           -23.5900
longitude:         -179.8200
depth:              553.9000
Mrr:            3.220000E+25
Mtt:           -1.090000E+25
Mpp:           -2.130000E+25
Mrt:            2.160000E+24
Mrp:           -2.820000E+25
Mtp:           -2.180000E+25
