 PDE 2006 07 15 07 10 48.20   -4.4500  126.1700 367.8 5.8 5.8 BANDA SEA
event name:   C200607150710A
time shift:           3.2000
half duration:        1.9000
latitude:            -4.3900
longitude:          126.3100
depth:              385.1000
Mrr:           -4.700000E+24
Mtt:            5.530000E+24
Mpp:           -8.240000E+23
Mrt:            3.520000E+24
Mrp:            1.290000E+24
Mtp:           -4.600000E+23
