 PDE 2007 06 02 21 34 57.80   23.0300  101.0500   5.0 6.1 6.3 YUNNAN, CHINA
event name:   C200706022134A
time shift:           4.2000
half duration:        2.7000
latitude:            23.0200
longitude:          101.1300
depth:               12.0000
Mrr:            9.380000E+24
Mtt:           -1.850000E+25
Mpp:            9.120000E+24
Mrt:           -2.800000E+24
Mrp:           -2.180000E+24
Mtp:            8.420000E+24
