 PDE 2006 04 01 10 02 19.60   22.8700  121.2800   9.0 6.1 6.2 TAIWAN REGION
event name:   C200604011002A
time shift:           2.8000
half duration:        3.0000
latitude:            22.8900
longitude:          121.1000
depth:               15.1000
Mrr:            1.110000E+24
Mtt:           -9.790000E+24
Mpp:            8.680000E+24
Mrt:            7.720000E+24
Mrp:           -6.870000E+24
Mtp:           -1.450000E+25
