 PDE 2007 04 02 10 49 17.70   -7.2200  156.2400  34.0 6.0 6.1 SOLOMON ISLANDS
event name:   C200704021049A
time shift:           4.8000
half duration:        2.4000
latitude:            -7.4200
longitude:          156.3200
depth:               51.0000
Mrr:            1.130000E+25
Mtt:           -7.840000E+24
Mpp:           -3.420000E+24
Mrt:           -3.830000E+24
Mrp:            1.440000E+24
Mtp:            6.150000E+24
