 PDE 2009 09 17 23 21 38.50  -29.1400 -112.2700  10.0 6.2 6.2 EASTER ISLAND REGION
event name:   C200909172321A
time shift:           7.4000
half duration:        3.1000
latitude:           -29.2400
longitude:         -112.4400
depth:               12.7000
Mrr:            1.520000E+24
Mtt:           -1.980000E+25
Mpp:            1.830000E+25
Mrt:           -2.250000E+24
Mrp:           -1.210000E+24
Mtp:           -1.600000E+25
