 PDE 2008 07 23 15 26 20.00   39.8000  141.4600 108.0 6.8 6.8 EASTERN HONSHU, JAPAN
event name:   C200807231526A
time shift:           4.1000
half duration:        6.1000
latitude:            39.7300
longitude:          141.5100
depth:               98.8000
Mrr:           -1.350000E+26
Mtt:            4.930000E+25
Mpp:            8.570000E+25
Mrt:           -1.760000E+25
Mrp:            1.570000E+26
Mtp:            1.260000E+25
