 PDE 2007 08 12 12 05 19.90  -11.3800  166.2700  42.0 6.0 6.0 SANTA CRUZ ISLANDS
event name:   C200708121205A
time shift:           3.6000
half duration:        2.5000
latitude:           -11.4900
longitude:          165.9800
depth:               48.0000
Mrr:            1.330000E+25
Mtt:            6.000000E+23
Mpp:           -1.390000E+25
Mrt:           -7.800000E+23
Mrp:            6.200000E+23
Mtp:            2.970000E+24
