 PDE 2006 10 20 10 48 56.00  -13.4600  -76.6800  23.0 6.7 6.7 NEAR COAST OF PERU
event name:   C200610201048A
time shift:           7.8000
half duration:        5.4000
latitude:           -13.4600
longitude:          -76.9800
depth:               22.5000
Mrr:            6.880000E+25
Mtt:           -7.500000E+24
Mpp:           -6.140000E+25
Mrt:            2.650000E+25
Mrp:           -1.130000E+26
Mtp:            2.830000E+25
