 PDE 2009 07 12 06 12 47.30  -15.0400  -70.4400 198.9 6.1 6.1 SOUTHERN PERU
event name:   C200907120612A
time shift:           3.5000
half duration:        2.9000
latitude:           -15.2500
longitude:          -70.7500
depth:              197.1000
Mrr:           -1.370000E+25
Mtt:            1.330000E+25
Mpp:            3.600000E+23
Mrt:            1.060000E+25
Mrp:           -8.710000E+24
Mtp:           -7.780000E+24
