 PDE 2008 11 29 05 59 16.60  -18.7000 -177.7200 386.0 6.0 6.0 FIJI ISLANDS REGION
event name:   C200811290559A
time shift:           3.0000
half duration:        2.4000
latitude:           -18.7200
longitude:         -177.5200
depth:              396.6000
Mrr:            3.190000E+24
Mtt:           -6.920000E+24
Mpp:            3.730000E+24
Mrt:           -7.140000E+24
Mrp:            4.570000E+24
Mtp:           -5.180000E+24
