 PDE 2008 07 03 03 02 37.60  -23.3700 -179.7800 581.2 6.2 6.2 SOUTH OF FIJI ISLANDS
event name:   C200807030302A
time shift:           3.7000
half duration:        3.2000
latitude:           -23.4100
longitude:         -179.6900
depth:              589.9000
Mrr:           -1.270000E+25
Mtt:            2.790000E+25
Mpp:           -1.520000E+25
Mrt:            1.600000E+25
Mrp:            4.760000E+24
Mtp:           -3.780000E+24
