 PDE 2009 02 12 03 49 39.70    3.9500  126.4100  26.0 6.0 6.0 TALAUD ISLANDS, INDONESIA
event name:   C200902120349A
time shift:           3.7000
half duration:        2.5000
latitude:             4.0800
longitude:          126.6900
depth:               24.5000
Mrr:            5.410000E+24
Mtt:            2.720000E+24
Mpp:           -8.130000E+24
Mrt:            5.780000E+24
Mrp:            9.680000E+24
Mtp:            2.520000E+24
