 PDE 2009 06 16 20 05 57.00  -54.3700    5.8700  10.0 6.1 6.1 BOUVET ISLAND REGION
event name:   C200906162005A
time shift:           4.7000
half duration:        2.9000
latitude:           -54.3700
longitude:            6.3200
depth:               12.0000
Mrr:           -3.140000E+24
Mtt:            2.110000E+25
Mpp:           -1.800000E+25
Mrt:            6.200000E+23
Mrp:           -7.000000E+22
Mtp:            5.340000E+24
