 PDE 2005 03 19 17 34 46.20  -21.8900 -179.5500 598.7 6.3 0.0 FIJI ISLANDS REGION
event name:   C200503191734A
time shift:           4.1000
half duration:        3.4000
latitude:           -21.8800
longitude:         -179.2700
depth:              609.2000
Mrr:            4.850000E+24
Mtt:           -7.140000E+24
Mpp:            2.290000E+24
Mrt:           -1.430000E+25
Mrp:           -2.960000E+25
Mtp:           -8.580000E+24
