 PDE 2008 12 20 10 29 23.10   36.5400  142.4300  19.0 6.3 6.3 OFF EAST COAST OF HONSHU, JAPAN
event name:   C200812201029A
time shift:           6.1000
half duration:        3.6000
latitude:            36.5600
longitude:          142.5400
depth:               12.0000
Mrr:            3.100000E+25
Mtt:            4.560000E+24
Mpp:           -3.560000E+25
Mrt:           -1.230000E+25
Mrp:            1.640000E+25
Mtp:            1.200000E+23
