 PDE 2008 10 22 12 55 57.40  -18.4100 -175.3500 233.4 6.4 6.4 TONGA ISLANDS
event name:   C200810221255A
time shift:           5.8000
half duration:        3.7000
latitude:           -18.4000
longitude:         -174.9800
depth:              244.0000
Mrr:           -1.770000E+25
Mtt:            1.070000E+25
Mpp:            7.000000E+24
Mrt:           -1.700000E+25
Mrp:           -3.510000E+25
Mtp:            1.280000E+25
