 PDE 2007 01 30 21 37 45.80   20.9900  144.7000  30.0 6.6 6.6 MARIANA ISLANDS
event name:   C200701302137A
time shift:           4.5000
half duration:        4.7000
latitude:            20.9900
longitude:          145.1000
depth:               22.5000
Mrr:           -3.520000E+25
Mtt:            7.300000E+25
Mpp:           -3.790000E+25
Mrt:            5.150000E+25
Mrp:            4.270000E+25
Mtp:           -2.200000E+24
