 PDE 2005 11 27 10 22 19.20   26.7700   55.8600  10.0 5.9 5.8 SOUTHERN IRAN
event name:   C200511271022A
time shift:           3.5000
half duration:        2.3000
latitude:            26.6600
longitude:           55.8000
depth:               12.0000
Mrr:            9.520000E+24
Mtt:           -1.030000E+25
Mpp:            7.600000E+23
Mrt:            2.260000E+24
Mrp:           -4.000000E+23
Mtp:           -1.650000E+24
