 PDE 2009 01 15 07 27 20.30  -22.3500  170.6300  27.0 6.6 6.7 SOUTHEAST OF LOYALTY ISLANDS
event name:   C200901150727A
time shift:           7.5000
half duration:        4.8000
latitude:           -22.5800
longitude:          170.4600
depth:               27.1000
Mrr:            7.850000E+25
Mtt:           -6.400000E+25
Mpp:           -1.440000E+25
Mrt:            4.840000E+25
Mrp:           -1.780000E+25
Mtp:            3.740000E+25
