 PDE 2006 12 01 03 58 21.80    3.4000   99.0900 205.5 6.3 6.3 NORTHERN SUMATRA, INDONESIA
event name:   C200612010358A
time shift:           2.5000
half duration:        3.5000
latitude:             3.4600
longitude:           99.0500
depth:              208.4000
Mrr:            5.040000E+24
Mtt:           -2.610000E+24
Mpp:           -2.430000E+24
Mrt:           -6.590000E+24
Mrp:           -3.680000E+25
Mtp:           -6.380000E+24
