 PDE 2008 10 20 04 54 19.90    0.1000  120.6600 102.3 5.9 5.9 MINAHASSA PENINSULA, SULAWESI
event name:   C200810200454A
time shift:           1.5000
half duration:        2.1000
latitude:             0.2100
longitude:          120.6700
depth:              108.4000
Mrr:            4.440000E+24
Mtt:            5.300000E+22
Mpp:           -4.490000E+24
Mrt:           -3.780000E+24
Mrp:           -4.720000E+24
Mtp:            2.340000E+24
