 PDE 2008 09 18 11 58 50.90   51.9200  158.3900  66.9 5.8 5.9 NEAR EAST COAST OF KAMCHATKA
event name:   C200809181158A
time shift:           2.1000
half duration:        2.0000
latitude:            51.7800
longitude:          158.8600
depth:               58.5000
Mrr:            6.590000E+24
Mtt:           -1.260000E+24
Mpp:           -5.320000E+24
Mrt:            1.570000E+24
Mrp:            2.080000E+24
Mtp:           -3.340000E+24
