 PDE 2008 09 24 02 33 05.20   17.6100 -105.5000  10.0 6.4 6.4 OFF COAST OF JALISCO, MEXICO
event name:   C200809240233A
time shift:           5.2000
half duration:        3.8000
latitude:            17.6900
longitude:         -105.6000
depth:               16.9000
Mrr:            5.920000E+24
Mtt:           -5.010000E+25
Mpp:            4.420000E+25
Mrt:            3.460000E+24
Mrp:            2.250000E+24
Mtp:           -1.350000E+25
