 PDE 2008 08 25 13 21 58.80   30.9000   83.5200  12.0 6.7 6.7 XIZANG
event name:   C200808251322A
time shift:           9.7000
half duration:        5.4000
latitude:            30.6100
longitude:           83.5100
depth:               17.3000
Mrr:           -1.020000E+26
Mtt:           -3.770000E+25
Mpp:            1.400000E+26
Mrt:           -5.600000E+25
Mrp:            2.040000E+25
Mtp:            1.080000E+25
