 PDE 2009 04 15 20 01 34.40   -3.1200  100.4700  20.0 6.3 6.4 SOUTHERN SUMATRA, INDONESIA
event name:   C200904152001A
time shift:           3.5000
half duration:        3.3000
latitude:            -3.4000
longitude:          100.1600
depth:               15.0000
Mrr:            9.740000E+24
Mtt:           -5.100000E+24
Mpp:           -4.640000E+24
Mrt:            2.500000E+25
Mrp:           -1.700000E+25
Mtp:            5.450000E+24
