 PDE 2006 08 07 22 18 54.00  -15.7800  167.8000 140.6 6.8 6.8 VANUATU ISLANDS
event name:   C200608072218A
time shift:           7.2000
half duration:        6.1000
latitude:           -15.7600
longitude:          167.6300
depth:              157.7000
Mrr:           -1.100000E+26
Mtt:            1.320000E+26
Mpp:           -2.230000E+25
Mrt:           -4.010000E+25
Mrp:           -9.290000E+25
Mtp:            1.270000E+26
