 PDE 2009 10 22 19 51 27.50   36.5200   70.9500 185.9 6.1 6.2 HINDU KUSH REGION, AFGHANISTAN
event name:   C200910221951A
time shift:           1.4000
half duration:        2.9000
latitude:            36.5100
longitude:           70.8200
depth:              181.5000
Mrr:            2.170000E+25
Mtt:           -1.820000E+25
Mpp:           -3.510000E+24
Mrt:           -2.150000E+24
Mrp:           -3.140000E+24
Mtp:           -3.370000E+24
