 PDE 2008 08 04 20 45 14.00   -5.9200  130.2000 173.9 6.2 6.3 BANDA SEA
event name:   C200808042045A
time shift:           5.7000
half duration:        3.3000
latitude:            -5.9300
longitude:          130.4700
depth:              173.9000
Mrr:           -2.870000E+25
Mtt:            1.660000E+25
Mpp:            1.220000E+25
Mrt:           -1.870000E+24
Mrp:           -3.810000E+24
Mtp:            1.590000E+25
