 PDE 2005 05 18 09 10 53.70  -56.4100  -26.8600 102.2 6.0 0.0 SOUTH SANDWICH ISLANDS REGION
event name:   C200505180910A
time shift:           4.3000
half duration:        2.4000
latitude:           -56.4300
longitude:          -26.5000
depth:              107.4000
Mrr:            7.900000E+23
Mtt:            8.810000E+24
Mpp:           -9.600000E+24
Mrt:           -3.260000E+24
Mrp:            4.050000E+24
Mtp:            3.810000E+24
