 PDE 2008 05 31 04 37 56.20  -41.2200   80.5100  10.0 6.4 6.4 MID-INDIAN RIDGE
event name:   C200805310437A
time shift:           5.2000
half duration:        3.9000
latitude:           -41.3500
longitude:           80.4100
depth:               12.0000
Mrr:           -6.000000E+23
Mtt:            4.990000E+25
Mpp:           -4.930000E+25
Mrt:            6.950000E+24
Mrp:           -3.000000E+22
Mtp:           -6.910000E+24
