 PDE 2007 08 16 08 39 27.60   -9.8300  159.4700  10.0 6.5 6.7 SOLOMON ISLANDS
event name:   C200708160839A
time shift:           6.7000
half duration:        4.1000
latitude:            -9.8800
longitude:          159.5500
depth:               16.2000
Mrr:           -2.330000E+25
Mtt:            3.030000E+25
Mpp:           -7.040000E+24
Mrt:            3.840000E+25
Mrp:           -2.620000E+25
Mtp:            2.980000E+25
