 PDE 2007 07 16 14 17 37.30   36.8100  134.8500 350.4 6.8 6.8 SEA OF JAPAN
event name:   C200707161417A
time shift:           4.7000
half duration:        6.2000
latitude:            36.8400
longitude:          135.0300
depth:              374.9000
Mrr:           -3.260000E+25
Mtt:            1.270000E+26
Mpp:           -9.420000E+25
Mrt:           -3.890000E+25
Mrp:           -1.400000E+26
Mtp:            9.970000E+25
