 PDE 2009 07 15 20 10 42.70   -3.3800  150.5100  13.4 6.2 6.1 NEW IRELAND REGION, P.N.G.
event name:   C200907152010A
time shift:           4.1000
half duration:        2.9000
latitude:            -3.3100
longitude:          150.6100
depth:               12.0000
Mrr:            8.000000E+22
Mtt:            1.210000E+25
Mpp:           -1.220000E+25
Mrt:           -8.600000E+23
Mrp:           -1.660000E+24
Mtp:            1.710000E+25
