 PDE 2009 08 28 01 51 20.40   -7.1500  123.4300 642.4 6.9 6.9 BANDA SEA
event name:   C200908280151A
time shift:           5.5000
half duration:        6.8000
latitude:            -7.0900
longitude:          123.4600
depth:              634.4000
Mrr:           -1.700000E+26
Mtt:            1.960000E+26
Mpp:           -2.590000E+25
Mrt:           -8.950000E+25
Mrp:            1.580000E+26
Mtp:           -9.040000E+25
