 PDE 2008 08 30 08 30 54.00   26.2700  101.9400  17.0 6.0 5.9 YUNNAN, CHINA
event name:   C200808300830A
time shift:           3.5000
half duration:        2.3000
latitude:            26.1900
longitude:          102.0400
depth:               24.1000
Mrr:            2.200000E+23
Mtt:           -3.690000E+24
Mpp:            3.470000E+24
Mrt:           -1.000000E+23
Mrp:           -6.600000E+23
Mtp:           -1.030000E+25
