 PDE 2007 11 26 13 51 39.80   37.3900  141.5900  42.4 5.9 5.9 NEAR EAST COAST OF HONSHU, JAPAN
event name:   C200711261351A
time shift:           1.6000
half duration:        2.2000
latitude:            37.2900
longitude:          141.9500
depth:               41.8000
Mrr:            6.950000E+24
Mtt:           -1.020000E+24
Mpp:           -5.930000E+24
Mrt:            2.050000E+24
Mrp:            5.930000E+24
Mtp:           -3.220000E+24
