 PDE 2005 08 07 02 17 46.00  -47.0900   33.6200  10.0 6.2 5.8 PRINCE EDWARD ISLANDS REGION
event name:   C200508070217A
time shift:           6.6000
half duration:        3.0000
latitude:           -46.8000
longitude:           33.6200
depth:               16.0000
Mrr:           -2.620000E+24
Mtt:            1.250000E+25
Mpp:           -9.910000E+24
Mrt:            4.400000E+24
Mrp:           -4.450000E+24
Mtp:            1.770000E+25
