 PDE 2007 04 13 18 24 19.20  -35.0500 -108.8400  10.0 6.1 6.1 SOUTHERN EAST PACIFIC RISE
event name:   C200704131824A
time shift:           6.3000
half duration:        2.7000
latitude:           -35.0700
longitude:         -108.8500
depth:               14.3000
Mrr:            9.300000E+23
Mtt:            8.440000E+24
Mpp:           -9.370000E+24
Mrt:            2.100000E+24
Mrp:           -1.350000E+24
Mtp:           -1.360000E+25
