 PDE 2006 03 09 09 59 53.00  -59.5400  -29.6600  10.0 5.8 0.0 SOUTH SANDWICH ISLANDS REGION
event name:   C200603090959A
time shift:           6.1000
half duration:        2.0000
latitude:           -59.7000
longitude:          -29.7000
depth:               15.0000
Mrr:           -3.510000E+23
Mtt:           -4.750000E+24
Mpp:            5.100000E+24
Mrt:            6.130000E+23
Mrp:            1.180000E+24
Mtp:            4.190000E+24
