 PDE 2005 04 16 12 18 31.70  -54.9900 -132.1000  10.0 5.9 5.6 PACIFIC-ANTARCTIC RIDGE
event name:   C200504161218A
time shift:           6.2000
half duration:        2.2000
latitude:           -54.4100
longitude:         -132.3100
depth:               12.0000
Mrr:           -6.700000E+23
Mtt:            6.490000E+24
Mpp:           -5.820000E+24
Mrt:            4.200000E+23
Mrp:            1.890000E+24
Mtp:            6.390000E+24
