 PDE 2008 08 26 21 00 36.60   -7.6400  -74.3800 154.0 6.4 6.4 PERU-BRAZIL BORDER REGION
event name:   C200808262100A
time shift:           3.6000
half duration:        3.8000
latitude:            -7.7600
longitude:          -74.4900
depth:              158.2000
Mrr:           -4.070000E+25
Mtt:           -3.440000E+24
Mpp:            4.410000E+25
Mrt:            1.590000E+25
Mrp:           -1.440000E+25
Mtp:            1.500000E+23
