 PDE 2008 11 15 23 03 16.80   13.0500  -88.7500  49.0 5.8 5.8 EL SALVADOR
event name:   C200811152303A
time shift:           3.9000
half duration:        1.9000
latitude:            12.9700
longitude:          -89.0800
depth:               64.4000
Mrr:            1.870000E+23
Mtt:           -1.150000E+24
Mpp:            9.660000E+23
Mrt:            5.240000E+24
Mrp:           -3.520000E+24
Mtp:            9.440000E+23
