 PDE 2005 10 15 15 51 07.20   25.3200  123.3600 183.4 6.4 0.0 NORTHEAST OF TAIWAN
event name:   C200510151551A
time shift:           4.0000
half duration:        4.0000
latitude:            25.2900
longitude:          123.4300
depth:              194.6000
Mrr:           -4.460000E+24
Mtt:           -2.210000E+25
Mpp:            2.660000E+25
Mrt:            4.740000E+25
Mrp:            1.810000E+25
Mtp:           -3.990000E+24
