 PDE 2008 02 13 19 58 46.10   -8.1600  128.6400  19.0 6.2 6.2 TIMOR SEA
event name:   C200802131958A
time shift:           4.1000
half duration:        3.0000
latitude:            -8.4200
longitude:          128.8300
depth:               21.5000
Mrr:            1.960000E+25
Mtt:           -1.980000E+25
Mpp:            2.600000E+23
Mrt:            9.160000E+24
Mrp:            3.670000E+24
Mtp:           -3.470000E+24
