 PDE 2007 10 10 00 19 16.80   -1.7400   99.4800  27.3 5.9 6.0 SOUTHERN SUMATRA, INDONESIA
event name:   C200710100019A
time shift:           3.7000
half duration:        2.2000
latitude:            -2.1400
longitude:           99.2400
depth:               34.1000
Mrr:            5.520000E+24
Mtt:           -4.160000E+24
Mpp:           -1.360000E+24
Mrt:            5.980000E+24
Mrp:           -4.070000E+24
Mtp:            3.730000E+24
