 PDE 2008 07 24 01 43 16.10   50.9700  157.5800  27.0 6.2 6.2 KURIL ISLANDS
event name:   C200807240143A
time shift:           6.6000
half duration:        3.1000
latitude:            50.7100
longitude:          158.1500
depth:               42.0000
Mrr:            2.250000E+25
Mtt:           -8.520000E+24
Mpp:           -1.390000E+25
Mrt:            8.600000E+24
Mrp:            5.990000E+24
Mtp:           -1.340000E+25
