 PDE 2009 10 03 17 36 06.10   23.6300  121.4500  28.0 5.9 6.1 TAIWAN
event name:   C200910031736A
time shift:           3.1000
half duration:        2.3000
latitude:            23.5800
longitude:          121.6100
depth:               34.1000
Mrr:            6.990000E+24
Mtt:           -2.200000E+24
Mpp:           -4.780000E+24
Mrt:            1.300000E+23
Mrp:            5.540000E+24
Mtp:           -6.010000E+24
