 PDE 2009 12 09 21 29 02.60    2.7700   95.9100  19.0 5.9 6.0 OFF W COAST OF NORTHERN SUMATRA
event name:   C200912092129A
time shift:           3.8000
half duration:        2.3000
latitude:             2.4000
longitude:           95.7000
depth:               23.1000
Mrr:            4.890000E+24
Mtt:           -3.260000E+24
Mpp:           -1.630000E+24
Mrt:            5.040000E+24
Mrp:           -5.180000E+24
Mtp:            2.550000E+24
