 PDE 2005 06 02 10 56 01.60  -24.2200  -67.0000 196.2 6.0 0.0 CHILE-ARGENTINA BORDER REGION
event name:   C200506021056A
time shift:           2.2000
half duration:        2.5000
latitude:           -24.3500
longitude:          -67.2100
depth:              193.2000
Mrr:           -1.070000E+25
Mtt:           -1.760000E+24
Mpp:            1.250000E+25
Mrt:           -1.320000E+24
Mrp:           -7.010000E+24
Mtp:            1.520000E+24
