 PDE 2007 02 28 23 13 15.60  -55.2400  -29.1400  10.0 6.1 6.2 SOUTH SANDWICH ISLANDS REGION
event name:   C200702282313A
time shift:           6.6000
half duration:        2.8000
latitude:           -55.2800
longitude:          -29.1800
depth:               14.5000
Mrr:            8.240000E+24
Mtt:           -1.140000E+25
Mpp:            3.110000E+24
Mrt:           -7.840000E+24
Mrp:            8.820000E+24
Mtp:            1.150000E+25
