 PDE 2008 11 22 18 49 42.40   -1.2300  -13.9300  10.0 6.3 6.3 NORTH OF ASCENSION ISLAND
event name:   C200811221849A
time shift:           7.9000
half duration:        3.4000
latitude:            -0.7700
longitude:          -13.8000
depth:               17.8000
Mrr:           -2.280000E+24
Mtt:            1.330000E+25
Mpp:           -1.100000E+25
Mrt:           -4.700000E+24
Mrp:            1.120000E+25
Mtp:           -2.990000E+25
