 PDE 2008 01 09 08 26 45.50   32.2900   85.1700  10.0 6.4 6.4 XIZANG
event name:   C200801090826A
time shift:           7.3000
half duration:        3.9000
latitude:            32.3000
longitude:           85.3200
depth:               13.3000
Mrr:           -4.340000E+25
Mtt:           -7.420000E+24
Mpp:            5.080000E+25
Mrt:            5.630000E+24
Mrp:           -1.770000E+24
Mtp:            1.810000E+25
