 PDE 2005 04 07 19 43 14.90    2.9700  126.4800  59.7 5.9 0.0 NORTHERN MOLUCCA SEA
event name:   C200504071943A
time shift:           1.4000
half duration:        2.2000
latitude:             3.0400
longitude:          126.7300
depth:               51.0000
Mrr:            6.800000E+24
Mtt:            9.800000E+23
Mpp:           -7.780000E+24
Mrt:            3.000000E+22
Mrp:            4.850000E+24
Mtp:           -1.800000E+24
