 PDE 2008 04 16 05 54 19.70   51.8800 -179.1600  13.0 6.6 6.6 ANDREANOF ISLANDS, ALEUTIAN IS.
event name:   C200804160554A
time shift:           5.0000
half duration:        4.8000
latitude:            51.8100
longitude:         -179.1700
depth:               12.0000
Mrr:           -1.140000E+25
Mtt:            6.540000E+25
Mpp:           -5.400000E+25
Mrt:            2.210000E+25
Mrp:           -2.190000E+25
Mtp:           -7.180000E+25
