 PDE 2007 12 07 00 47 37.60   29.9300  141.0000  85.5 5.9 5.9 SOUTHEAST OF HONSHU, JAPAN
event name:   C200712070047A
time shift:           1.7000
half duration:        2.1000
latitude:            30.0200
longitude:          141.2400
depth:               80.9000
Mrr:            3.380000E+24
Mtt:            2.030000E+23
Mpp:           -3.580000E+24
Mrt:           -3.670000E+24
Mrp:            2.370000E+24
Mtp:           -6.010000E+24
