 PDE 2007 04 06 18 48 17.60   -6.9500  155.7700  44.0 5.8 5.9 SOLOMON ISLANDS
event name:   C200704061848A
time shift:           4.7000
half duration:        2.0000
latitude:            -7.1500
longitude:          155.8200
depth:               53.4000
Mrr:            6.700000E+24
Mtt:           -4.810000E+24
Mpp:           -1.890000E+24
Mrt:           -9.200000E+23
Mrp:           -3.560000E+23
Mtp:            4.140000E+24
