 PDE 2006 11 13 16 12 29.00   -6.3800  151.2300  11.0 6.2 6.2 NEW BRITAIN REGION, P.N.G.
event name:   C200611131612A
time shift:           5.9000
half duration:        3.1000
latitude:            -6.6100
longitude:          151.4500
depth:               12.0000
Mrr:           -2.090000E+25
Mtt:            1.940000E+25
Mpp:            1.490000E+24
Mrt:           -9.440000E+24
Mrp:           -7.740000E+24
Mtp:            1.130000E+25
