 PDE 2006 05 01 07 47 59.90    8.1600  -82.8800  13.0 5.9 5.9 PANAMA-COSTA RICA BORDER REGION
event name:   C200605010748B
time shift:           5.0000
half duration:        2.2000
latitude:             8.1100
longitude:          -82.8800
depth:               12.0000
Mrr:            7.180000E+24
Mtt:           -5.240000E+24
Mpp:           -1.940000E+24
Mrt:            3.550000E+24
Mrp:            2.400000E+23
Mtp:            5.420000E+24
