 PDE 2009 08 17 00 05 49.00   23.5000  123.5000  20.0 6.7 6.7 SOUTHWESTERN RYUKYU ISL., JAPAN
event name:   C200908170005A
time shift:           4.1000
half duration:        5.2000
latitude:            23.2900
longitude:          123.5700
depth:               24.3000
Mrr:           -4.400000E+24
Mtt:            1.170000E+26
Mpp:           -1.130000E+26
Mrt:            3.520000E+25
Mrp:            8.400000E+24
Mtp:            6.600000E+24
