 PDE 2009 06 23 14 19 22.40   -5.1600  153.7800  64.0 6.7 6.7 NEW IRELAND REGION, P.N.G.
event name:   C200906231419A
time shift:           7.2000
half duration:        5.6000
latitude:            -5.2200
longitude:          153.7400
depth:               70.2000
Mrr:            1.340000E+26
Mtt:           -4.910000E+25
Mpp:           -8.470000E+25
Mrt:           -3.080000E+25
Mrp:            5.020000E+25
Mtp:            7.480000E+25
