 PDE 2009 09 12 20 06 24.70   10.7000  -67.9200  10.0 6.4 6.4 NEAR COAST OF VENEZUELA
event name:   C200909122006A
time shift:           5.9000
half duration:        3.7000
latitude:            10.7600
longitude:          -67.9700
depth:               12.0000
Mrr:            1.570000E+24
Mtt:           -4.360000E+24
Mpp:            2.790000E+24
Mrt:            1.260000E+25
Mrp:           -6.430000E+24
Mtp:           -4.150000E+25
