 PDE 2008 05 20 13 53 35.60   51.1600  178.7600  27.0 6.3 6.3 RAT ISLANDS, ALEUTIAN ISLANDS
event name:   C200805201353A
time shift:           5.2000
half duration:        3.4000
latitude:            51.1100
longitude:          178.5300
depth:               17.6000
Mrr:            1.970000E+25
Mtt:           -2.160000E+25
Mpp:            1.860000E+24
Mrt:            2.210000E+25
Mrp:            1.140000E+25
Mtp:           -3.180000E+24
