 PDE 2009 10 22 00 51 39.20    6.7300  -82.5800  18.0 6.0 5.9 SOUTH OF PANAMA
event name:   C200910220051A
time shift:           4.2000
half duration:        2.3000
latitude:             6.6400
longitude:          -82.6900
depth:               22.5000
Mrr:            1.000000E+22
Mtt:           -2.280000E+24
Mpp:            2.270000E+24
Mrt:            1.470000E+24
Mrp:            3.800000E+23
Mtp:            1.010000E+25
