 PDE 2009 01 22 20 16 34.60   -7.3100  128.5700 146.7 6.1 6.1 BANDA SEA
event name:   C200901222016A
time shift:           3.2000
half duration:        2.7000
latitude:            -7.5100
longitude:          128.5500
depth:              160.2000
Mrr:            1.740000E+25
Mtt:           -1.480000E+25
Mpp:           -2.590000E+24
Mrt:            4.280000E+24
Mrp:           -1.600000E+24
Mtp:            3.120000E+24
