 PDE 2007 11 19 00 52 12.50  -21.1800 -178.7500 558.3 6.3 6.3 FIJI ISLANDS REGION
event name:   C200711190052A
time shift:           4.0000
half duration:        3.4000
latitude:           -21.0500
longitude:         -178.6300
depth:              562.5000
Mrr:           -2.910000E+25
Mtt:            3.010000E+25
Mpp:           -9.700000E+23
Mrt:           -1.020000E+25
Mrp:           -7.810000E+24
Mtp:           -4.970000E+24
