 PDE 2008 07 19 22 39 52.70  -17.3400 -177.3100 391.0 6.4 6.4 FIJI ISLANDS REGION
event name:   C200807192239A
time shift:           4.1000
half duration:        3.9000
latitude:           -17.2200
longitude:         -177.0500
depth:              395.3000
Mrr:           -3.500000E+25
Mtt:            3.720000E+25
Mpp:           -2.160000E+24
Mrt:           -7.720000E+24
Mrp:            2.020000E+25
Mtp:           -3.190000E+25
