 PDE 2008 12 17 10 55 59.70  -17.7400 -178.3700 530.3 5.8 5.8 FIJI ISLANDS REGION
event name:   C200812171055A
time shift:           2.9000
half duration:        2.0000
latitude:           -17.7700
longitude:         -178.3000
depth:              547.8000
Mrr:           -2.760000E+24
Mtt:            3.480000E+24
Mpp:           -7.150000E+23
Mrt:           -3.060000E+24
Mrp:           -4.540000E+24
Mtp:            1.390000E+24
