 PDE 2005 07 23 07 34 56.80   35.5000  139.9800  61.0 5.9 0.0 NEAR S. COAST OF HONSHU, JAPAN
event name:   C200507230734A
time shift:           3.2000
half duration:        2.3000
latitude:            35.5700
longitude:          140.2900
depth:               61.9000
Mrr:            9.090000E+24
Mtt:            9.500000E+23
Mpp:           -1.000000E+25
Mrt:            4.900000E+23
Mrp:            3.950000E+24
Mtp:           -6.400000E+23
