 PDE 2008 10 16 19 41 25.70   14.4200  -92.3600  24.0 6.7 6.7 NEAR COAST OF CHIAPAS, MEXICO
event name:   C200810161941A
time shift:           5.6000
half duration:        5.2000
latitude:            14.2800
longitude:          -92.9000
depth:               29.9000
Mrr:            8.710000E+25
Mtt:           -7.070000E+25
Mpp:           -1.640000E+25
Mrt:            5.670000E+25
Mrp:           -5.060000E+25
Mtp:            4.300000E+25
