 PDE 2008 03 12 11 36 55.30  -16.4900  167.1800  10.0 6.3 6.3 VANUATU ISLANDS
event name:   C200803121136A
time shift:           7.5000
half duration:        3.6000
latitude:           -16.5900
longitude:          167.1700
depth:               12.2000
Mrr:            2.870000E+25
Mtt:           -1.240000E+24
Mpp:           -2.740000E+25
Mrt:            8.120000E+24
Mrp:           -2.460000E+25
Mtp:            8.740000E+24
