 PDE 2009 06 14 05 58 43.30    5.3600  126.4400  35.0 6.1 6.1 MINDANAO, PHILIPPINES
event name:   C200906140558A
time shift:           5.5000
half duration:        2.8000
latitude:             5.3200
longitude:          126.6000
depth:               36.7000
Mrr:            1.350000E+25
Mtt:            4.890000E+24
Mpp:           -1.840000E+25
Mrt:            8.640000E+24
Mrp:            6.380000E+24
Mtp:           -6.500000E+23
