 PDE 2008 03 03 14 11 14.60   13.3500  125.6300  24.0 6.9 6.9 PHILIPPINE ISLANDS REGION
event name:   C200803031411A
time shift:           7.0000
half duration:        6.7000
latitude:            13.5200
longitude:          125.5900
depth:               17.9000
Mrr:           -2.130000E+26
Mtt:            1.580000E+26
Mpp:            5.490000E+25
Mrt:            5.600000E+24
Mrp:            5.750000E+25
Mtp:           -1.700000E+26
