 PDE 2005 03 17 13 37 37.10   15.1400  -91.3800 197.4 6.2 6.1 MEXICO-GUATEMALA BORDER REGION
event name:   C200503171337A
time shift:           3.9000
half duration:        2.9000
latitude:            15.2000
longitude:          -91.6300
depth:              181.5000
Mrr:            8.240000E+24
Mtt:           -7.940000E+24
Mpp:           -3.000000E+23
Mrt:            1.300000E+25
Mrp:           -1.420000E+25
Mtp:            3.480000E+24
