 PDE 2008 02 10 12 22 02.70  -60.8000  -25.5900   8.0 6.5 6.6 SOUTH SANDWICH ISLANDS REGION
event name:   C200802101222A
time shift:           5.7000
half duration:        4.6000
latitude:           -61.0500
longitude:          -25.0100
depth:               12.0000
Mrr:           -7.080000E+25
Mtt:            7.720000E+25
Mpp:           -6.400000E+24
Mrt:            1.200000E+25
Mrp:           -2.600000E+24
Mtp:            3.840000E+25
