 PDE 2009 04 01 03 54 58.80   -3.5200  144.1000  10.0 6.4 6.5 NEAR N COAST OF NEW GUINEA, PNG.
event name:   C200904010355A
time shift:           7.7000
half duration:        3.9000
latitude:            -3.3600
longitude:          144.2200
depth:               12.0000
Mrr:           -2.500000E+23
Mtt:            1.020000E+24
Mpp:           -7.700000E+23
Mrt:           -6.100000E+24
Mrp:            4.270000E+24
Mtp:            5.010000E+25
