 PDE 2006 03 14 06 57 33.90   -3.6000  127.2100  30.1 6.7 6.7 SERAM, INDONESIA
event name:   C200603140657A
time shift:           3.6000
half duration:        5.5000
latitude:            -3.3500
longitude:          127.3100
depth:               13.0000
Mrr:           -3.600000E+25
Mtt:            6.700000E+25
Mpp:           -3.100000E+25
Mrt:           -7.030000E+25
Mrp:           -5.390000E+25
Mtp:            1.180000E+26
