 PDE 2008 11 28 08 50 48.20   -4.7400  101.7500  27.0 5.9 5.9 SOUTHERN SUMATRA, INDONESIA
event name:   C200811280850A
time shift:           3.4000
half duration:        2.1000
latitude:            -5.0900
longitude:          101.5500
depth:               23.0000
Mrr:            4.640000E+24
Mtt:           -2.920000E+24
Mpp:           -1.720000E+24
Mrt:            7.220000E+24
Mrp:           -3.780000E+24
Mtp:            2.620000E+24
