 PDE 2008 06 01 01 57 24.30   20.1300  121.3700  35.0 6.3 6.3 PHILIPPINE ISLANDS REGION
event name:   C200806010157A
time shift:           2.9000
half duration:        3.6000
latitude:            20.1700
longitude:          121.1900
depth:               31.0000
Mrr:            1.880000E+25
Mtt:            1.200000E+25
Mpp:           -3.080000E+25
Mrt:           -1.230000E+25
Mrp:           -2.650000E+25
Mtp:           -8.060000E+24
