 PDE 2005 03 04 19 05 19.90    2.6700  126.4100  59.1 5.8 0.0 NORTHERN MOLUCCA SEA
event name:   C200503041905A
time shift:           0.5000
half duration:        2.0000
latitude:             2.8400
longitude:          126.5000
depth:               26.5000
Mrr:            6.010000E+24
Mtt:           -1.100000E+24
Mpp:           -4.910000E+24
Mrt:            2.180000E+24
Mrp:            2.200000E+24
Mtp:            2.820000E+24
