 PDE 2005 07 04 11 36 05.70  -42.2800   42.3700  10.0 6.2 5.7 PRINCE EDWARD ISLANDS REGION
event name:   C200507041136A
time shift:           1.8000
half duration:        3.3000
latitude:           -41.9400
longitude:           42.6500
depth:               19.6000
Mrr:           -6.200000E+23
Mtt:            9.060000E+24
Mpp:           -8.440000E+24
Mrt:            1.200000E+23
Mrp:           -1.430000E+24
Mtp:            2.870000E+25
