 PDE 2007 02 20 14 25 26.30   -1.0300  126.9700  11.0 6.0 5.9 SOUTHERN MOLUCCA SEA
event name:   C200702201425A
time shift:           4.2000
half duration:        2.4000
latitude:            -0.9500
longitude:          127.1000
depth:               12.0000
Mrr:           -2.850000E+24
Mtt:            4.270000E+24
Mpp:           -1.420000E+24
Mrt:            1.680000E+24
Mrp:           -9.200000E+24
Mtp:            5.920000E+24
