 PDE 2005 06 21 10 43 29.30  -36.1500 -100.9600  10.0 5.8 5.3 SOUTHEAST OF EASTER ISLAND
event name:   C200506211043A
time shift:           3.0000
half duration:        2.0000
latitude:           -36.1700
longitude:         -101.1200
depth:               12.0000
Mrr:           -4.390000E+23
Mtt:           -9.600000E+23
Mpp:            1.400000E+24
Mrt:            3.540000E+23
Mrp:           -8.840000E+23
Mtp:           -6.060000E+24
