 PDE 2008 04 19 10 21 12.50   -7.8800  125.7200  10.0 5.9 6.0 BANDA SEA
event name:   C200804191021A
time shift:           5.6000
half duration:        2.3000
latitude:            -7.7600
longitude:          125.7300
depth:               14.2000
Mrr:            1.650000E+24
Mtt:           -1.340000E+24
Mpp:           -3.200000E+23
Mrt:           -1.660000E+24
Mrp:           -5.340000E+24
Mtp:           -8.410000E+24
