 PDE 2007 02 12 02 08 55.20   -4.9800  144.9800  35.0 5.8 5.8 NEAR N COAST OF NEW GUINEA, PNG.
event name:   C200702120208A
time shift:           8.1000
half duration:        2.1000
latitude:            -5.0300
longitude:          144.9900
depth:               68.5000
Mrr:            7.250000E+24
Mtt:           -5.390000E+24
Mpp:           -1.850000E+24
Mrt:           -4.490000E+23
Mrp:            2.570000E+23
Mtp:            3.720000E+24
