 PDE 2008 06 05 02 16 46.90  -38.8400  -91.6200  10.0 6.0 6.0 WEST CHILE RISE
event name:   C200806050216A
time shift:           3.2000
half duration:        2.4000
latitude:           -39.0100
longitude:          -91.8500
depth:               12.0000
Mrr:           -8.500000E+23
Mtt:            1.840000E+24
Mpp:           -9.900000E+23
Mrt:           -1.500000E+23
Mrp:           -3.000000E+24
Mtp:           -1.180000E+25
