 PDE 2009 04 26 00 06 53.20  -30.3000 -178.5800 131.7 6.1 6.1 KERMADEC ISLANDS, NEW ZEALAND
event name:   C200904260006A
time shift:           5.1000
half duration:        2.7000
latitude:           -30.1900
longitude:         -178.2400
depth:              151.9000
Mrr:            8.900000E+23
Mtt:           -2.060000E+24
Mpp:            1.170000E+24
Mrt:            4.390000E+24
Mrp:            1.700000E+25
Mtp:           -2.680000E+24
