 PDE 2008 10 28 16 00 03.20   -3.4900  145.8700  18.3 6.0 6.0 NEAR N COAST OF NEW GUINEA, PNG.
event name:   C200810281600A
time shift:           4.3000
half duration:        2.5000
latitude:            -3.3600
longitude:          145.8200
depth:               12.0000
Mrr:            4.500000E+23
Mtt:           -2.990000E+24
Mpp:            2.550000E+24
Mrt:           -3.000000E+22
Mrp:           -1.100000E+24
Mtp:            1.320000E+25
