 PDE 2005 01 12 08 40 03.70   -0.8800  -21.1900  10.0 6.8 6.0 CENTRAL MID-ATLANTIC RIDGE
event name:   C200501120840A
time shift:          18.6000
half duration:        6.3000
latitude:            -0.4700
longitude:          -20.5300
depth:               12.0000
Mrr:           -8.700000E+24
Mtt:            6.270000E+25
Mpp:           -5.390000E+25
Mrt:           -5.300000E+24
Mrp:            1.640000E+25
Mtp:           -1.770000E+26
