 PDE 2005 05 16 03 54 14.60  -32.5900 -179.3500  34.0 6.5 6.4 SOUTH OF KERMADEC ISLANDS
event name:   C200505160354A
time shift:           5.8000
half duration:        4.4000
latitude:           -32.7800
longitude:         -178.7800
depth:               46.0000
Mrr:            6.170000E+25
Mtt:           -3.420000E+24
Mpp:           -5.830000E+25
Mrt:           -2.000000E+23
Mrp:            3.320000E+25
Mtp:           -1.580000E+25
