 PDE 2005 10 02 23 59 44.20   -5.5900  151.6500  30.5 5.8 5.6 NEW BRITAIN REGION, P.N.G.
event name:   C200510022359A
time shift:           4.4000
half duration:        2.1000
latitude:            -5.8500
longitude:          151.9100
depth:               29.0000
Mrr:            5.040000E+24
Mtt:           -4.650000E+24
Mpp:           -3.910000E+23
Mrt:            4.340000E+24
Mrp:            2.720000E+24
Mtp:           -2.380000E+24
