 PDE 2005 10 29 04 05 56.00  -45.2100   96.9000   8.0 6.5 6.2 SOUTHEAST INDIAN RIDGE
event name:   C200510290405A
time shift:           5.3000
half duration:        4.3000
latitude:           -45.2400
longitude:           97.1200
depth:               12.0000
Mrr:           -5.860000E+25
Mtt:            6.710000E+25
Mpp:           -8.500000E+24
Mrt:           -7.700000E+23
Mrp:           -1.500000E+25
Mtp:           -9.980000E+24
