 PDE 2006 02 28 07 31 02.70   28.1200   56.8700  18.0 6.0 6.2 SOUTHERN IRAN
event name:   C200602280731A
time shift:           4.4000
half duration:        2.7000
latitude:            27.8600
longitude:           56.8700
depth:               25.4000
Mrr:            6.650000E+24
Mtt:           -8.340000E+24
Mpp:            1.690000E+24
Mrt:            1.110000E+25
Mrp:           -4.700000E+23
Mtp:            2.860000E+24
