 PDE 2009 11 22 07 48 20.60  -17.7900 -178.4300 522.6 6.3 6.4 FIJI ISLANDS REGION
event name:   C200911220748A
time shift:           4.6000
half duration:        3.5000
latitude:           -17.7200
longitude:         -178.3600
depth:              546.4000
Mrr:           -1.610000E+25
Mtt:            2.290000E+25
Mpp:           -6.740000E+24
Mrt:           -1.890000E+25
Mrp:           -2.560000E+25
Mtp:            6.150000E+24
