 PDE 2006 03 05 08 07 56.60  -20.1200 -175.6600 205.8 6.1 0.0 TONGA ISLANDS
event name:   C200603050807A
time shift:           5.0000
half duration:        2.7000
latitude:           -20.0900
longitude:         -175.2200
depth:              213.9000
Mrr:           -3.530000E+24
Mtt:            1.520000E+25
Mpp:           -1.170000E+25
Mrt:           -4.680000E+24
Mrp:            6.580000E+24
Mtp:           -1.770000E+24
