 PDE 2008 04 28 15 57 55.30  -58.7400  -24.7100  35.0 6.1 6.1 SOUTH SANDWICH ISLANDS REGION
event name:   C200804281557A
time shift:           4.7000
half duration:        2.6000
latitude:           -59.0400
longitude:          -24.1500
depth:               17.1000
Mrr:            1.190000E+25
Mtt:            1.770000E+24
Mpp:           -1.360000E+25
Mrt:           -1.270000E+24
Mrp:            8.610000E+24
Mtp:            1.400000E+23
