 PDE 2008 11 02 13 48 42.80   51.5500 -174.3700  36.0 6.1 6.1 ANDREANOF ISLANDS, ALEUTIAN IS.
event name:   C200811021348A
time shift:           1.4000
half duration:        2.6000
latitude:            51.3800
longitude:         -174.4900
depth:               20.2000
Mrr:            1.160000E+25
Mtt:           -1.030000E+25
Mpp:           -1.300000E+24
Mrt:            8.840000E+24
Mrp:            4.300000E+24
Mtp:           -4.230000E+24
