 PDE 2009 01 19 03 46 37.50  -22.4800  170.8100  35.0 6.0 6.0 SOUTHEAST OF LOYALTY ISLANDS
event name:   C200901190346A
time shift:           3.5000
half duration:        2.4000
latitude:           -22.6900
longitude:          170.7100
depth:               24.9000
Mrr:            1.010000E+25
Mtt:           -9.640000E+24
Mpp:           -4.600000E+23
Mrt:            6.960000E+24
Mrp:           -1.050000E+24
Mtp:            3.630000E+24
