 PDE 2005 02 05 04 03 13.80    2.2600   94.9900  30.0 6.0 5.8 OFF W COAST OF NORTHERN SUMATRA
event name:   C200502050403A
time shift:           6.4000
half duration:        2.4000
latitude:             2.2000
longitude:           95.0300
depth:               12.0000
Mrr:            1.150000E+25
Mtt:           -9.340000E+24
Mpp:           -2.200000E+24
Mrt:           -1.470000E+24
Mrp:            2.800000E+23
Mtp:            4.460000E+24
