 PDE 2006 02 22 22 19 07.80  -21.3200   33.5800  11.0 7.0 7.5 MOZAMBIQUE
event name:   C200602222219A
time shift:           7.2000
half duration:        7.9000
latitude:           -21.2000
longitude:           33.3300
depth:               12.0000
Mrr:           -2.830000E+26
Mtt:           -2.120000E+25
Mpp:            3.040000E+26
Mrt:           -1.860000E+25
Mrp:            2.640000E+26
Mtp:           -1.380000E+26
