 PDE 2005 10 19 11 44 42.80   36.4000  140.8400  32.0 6.3 6.5 NEAR EAST COAST OF HONSHU, JAPAN
event name:   C200510191144A
time shift:           4.3000
half duration:        3.5000
latitude:            36.3300
longitude:          141.1800
depth:               37.0000
Mrr:            2.550000E+25
Mtt:           -1.170000E+24
Mpp:           -2.430000E+25
Mrt:            8.990000E+24
Mrp:            2.700000E+25
Mtp:           -1.190000E+25
