 PDE 2005 10 08 10 46 28.80   34.7300   73.1000   8.0 6.4 6.3 PAKISTAN
event name:   C200510081046A
time shift:           5.8000
half duration:        4.0000
latitude:            34.7000
longitude:           73.1200
depth:               12.0000
Mrr:            5.200000E+25
Mtt:           -2.380000E+25
Mpp:           -2.820000E+25
Mrt:            1.610000E+25
Mrp:           -1.780000E+24
Mtp:            2.510000E+25
