 PDE 2006 04 26 01 46 03.90  -57.4800  147.5700  10.0 6.1 6.1 WEST OF MACQUARIE ISLAND
event name:   C200604260146A
time shift:           2.3000
half duration:        2.7000
latitude:           -57.6000
longitude:          148.0400
depth:               14.2000
Mrr:           -1.300000E+24
Mtt:            9.530000E+24
Mpp:           -8.220000E+24
Mrt:            1.070000E+24
Mrp:            3.800000E+23
Mtp:           -1.490000E+25
