 PDE 2007 10 09 15 03 41.20   -4.8100  152.8900  39.0 6.0 6.0 NEW BRITAIN REGION, P.N.G.
event name:   C200710091503A
time shift:           4.6000
half duration:        2.3000
latitude:            -4.9500
longitude:          152.9100
depth:               46.2000
Mrr:           -5.480000E+24
Mtt:           -3.480000E+24
Mpp:            8.960000E+24
Mrt:            4.970000E+24
Mrp:            4.160000E+24
Mtp:           -2.950000E+24
