 PDE 2006 11 18 13 55 21.10    4.7500   94.7800  32.0 5.9 5.9 OFF W COAST OF NORTHERN SUMATRA
event name:   C200611181355A
time shift:           4.8000
half duration:        2.3000
latitude:             4.5800
longitude:           94.5700
depth:               36.4000
Mrr:            6.520000E+24
Mtt:           -2.490000E+24
Mpp:           -4.030000E+24
Mrt:            4.740000E+24
Mrp:           -5.590000E+24
Mtp:            4.040000E+24
