 PDE 2006 06 14 04 18 42.50   51.7500  177.0800  14.0 6.5 6.4 RAT ISLANDS, ALEUTIAN ISLANDS
event name:   C200606140418A
time shift:           6.2000
half duration:        4.2000
latitude:            51.9600
longitude:          177.0700
depth:               13.3000
Mrr:           -1.160000E+25
Mtt:           -5.730000E+25
Mpp:            6.890000E+25
Mrt:           -6.000000E+22
Mrp:            1.100000E+25
Mtp:            2.340000E+24
