 PDE 2009 10 04 10 58 00.20    6.7400  123.3800 620.0 6.6 6.6 MINDANAO, PHILIPPINES
event name:   C200910041058A
time shift:           3.4000
half duration:        5.0000
latitude:             6.7700
longitude:          123.5600
depth:              625.8000
Mrr:            7.700000E+24
Mtt:           -7.000000E+23
Mpp:           -7.000000E+24
Mrt:           -7.220000E+25
Mrp:           -7.880000E+25
Mtp:           -1.470000E+25
