 PDE 2007 04 29 12 41 57.40   52.0100 -179.9700 117.0 6.2 6.2 ANDREANOF ISLANDS, ALEUTIAN IS.
event name:   C200704291241A
time shift:           3.2000
half duration:        3.2000
latitude:            51.8900
longitude:         -179.8100
depth:              121.7000
Mrr:           -1.170000E+25
Mtt:           -2.060000E+24
Mpp:            1.380000E+25
Mrt:            1.240000E+25
Mrp:           -2.130000E+25
Mtp:           -6.800000E+24
