 PDE 2009 07 06 14 53 12.20   50.4400  176.9900  22.0 6.1 6.1 RAT ISLANDS, ALEUTIAN ISLANDS
event name:   C200907061453A
time shift:           4.8000
half duration:        2.7000
latitude:            50.4600
longitude:          177.0000
depth:               35.9000
Mrr:           -5.140000E+24
Mtt:            8.630000E+24
Mpp:           -3.490000E+24
Mrt:           -4.070000E+24
Mrp:            1.180000E+25
Mtp:           -1.010000E+25
