 PDE 2009 12 23 01 11 58.20   -1.4300   99.3900  19.0 5.9 6.0 SOUTHERN SUMATRA, INDONESIA
event name:   C200912230111A
time shift:           3.3000
half duration:        2.2000
latitude:            -1.4500
longitude:           99.3800
depth:               16.3000
Mrr:            6.230000E+24
Mtt:           -1.960000E+24
Mpp:           -4.270000E+24
Mrt:           -1.550000E+24
Mrp:            5.740000E+24
Mtp:            2.870000E+24
