 PDE 2007 12 29 22 58 02.20   52.2100 -168.1500  15.8 5.8 5.9 FOX ISLANDS, ALEUTIAN ISLANDS
event name:   C200712292258A
time shift:           5.1000
half duration:        2.1000
latitude:            52.1700
longitude:         -168.1800
depth:               18.2000
Mrr:            4.520000E+24
Mtt:           -3.870000E+24
Mpp:           -6.440000E+23
Mrt:            5.690000E+24
Mrp:            2.100000E+24
Mtp:           -1.590000E+24
