 PDE 2006 05 22 20 53 57.40   -4.7200  126.8100   2.8 6.1 6.1 BANDA SEA
event name:   C200605222053A
time shift:           6.9000
half duration:        2.8000
latitude:            -4.7500
longitude:          126.9300
depth:               15.1000
Mrr:            9.600000E+23
Mtt:           -1.830000E+25
Mpp:            1.730000E+25
Mrt:            3.180000E+24
Mrp:           -1.430000E+24
Mtp:           -2.480000E+24
