 PDE 2005 04 08 11 38 17.50  -23.1400  169.2600  10.0 5.8 5.4 SOUTHEAST OF LOYALTY ISLANDS
event name:   C200504081138A
time shift:           4.7000
half duration:        2.0000
latitude:           -23.1100
longitude:          169.2100
depth:               14.0000
Mrr:           -6.660000E+24
Mtt:            6.740000E+24
Mpp:           -8.300000E+22
Mrt:           -1.370000E+24
Mrp:           -5.940000E+23
Mtp:            3.990000E+23
