 PDE 2005 01 03 17 59 28.90  -50.6600  161.8700  10.0 6.0 5.4 NORTH OF MACQUARIE ISLAND
event name:   C200501031759A
time shift:           5.3000
half duration:        2.7000
latitude:           -50.6900
longitude:          161.5100
depth:               12.0000
Mrr:           -9.800000E+23
Mtt:            9.740000E+24
Mpp:           -8.760000E+24
Mrt:            1.060000E+24
Mrp:           -9.200000E+23
Mtp:           -1.100000E+25
