 PDE 2008 06 08 12 25 29.70   37.9600   21.5200  16.0 6.4 6.3 SOUTHERN GREECE
event name:   C200806081225A
time shift:           7.2000
half duration:        3.8000
latitude:            37.9300
longitude:           21.6300
depth:               24.7000
Mrr:           -2.890000E+24
Mtt:            3.870000E+25
Mpp:           -3.580000E+25
Mrt:           -1.390000E+25
Mrp:           -7.900000E+24
Mtp:            2.160000E+25
