 PDE 2009 11 14 19 44 29.90  -22.9700  -66.6400 220.4 6.2 6.2 JUJUY PROVINCE, ARGENTINA
event name:   C200911141944A
time shift:           3.1000
half duration:        2.9000
latitude:           -23.0400
longitude:          -66.8300
depth:              221.2000
Mrr:           -6.610000E+24
Mtt:           -2.670000E+24
Mpp:            9.280000E+24
Mrt:            3.700000E+24
Mrp:           -2.020000E+25
Mtp:           -1.420000E+24
