 PDE 2009 09 02 18 00 11.40  -29.3500 -178.9600 275.1 6.2 6.2 KERMADEC ISLANDS, NEW ZEALAND
event name:   C200909021800A
time shift:           2.1000
half duration:        2.9000
latitude:           -29.2400
longitude:         -178.6700
depth:              259.4000
Mrr:           -1.440000E+25
Mtt:           -4.280000E+24
Mpp:            1.870000E+25
Mrt:           -9.260000E+24
Mrp:            3.710000E+24
Mtp:            7.240000E+24
