 PDE 2007 07 03 08 26 00.80    0.7100  -30.2700  10.0 6.3 6.3 CENTRAL MID-ATLANTIC RIDGE
event name:   C200707030826A
time shift:           6.6000
half duration:        3.5000
latitude:             0.8100
longitude:          -30.0400
depth:               17.0000
Mrr:           -1.500000E+23
Mtt:            4.580000E+24
Mpp:           -4.440000E+24
Mrt:           -4.000000E+24
Mrp:            1.380000E+25
Mtp:           -3.400000E+25
