 PDE 2008 01 06 05 14 20.20   37.2200   22.6900  75.0 6.2 6.2 SOUTHERN GREECE
event name:   C200801060514A
time shift:           3.5000
half duration:        3.0000
latitude:            36.9800
longitude:           22.8700
depth:               92.4000
Mrr:            7.740000E+24
Mtt:           -1.830000E+25
Mpp:            1.060000E+25
Mrt:            1.290000E+25
Mrp:           -8.450000E+24
Mtp:           -4.430000E+24
