 PDE 2007 10 31 13 44 19.80   51.4200 -178.3800  28.0 6.0 6.0 ANDREANOF ISLANDS, ALEUTIAN IS.
event name:   C200710311344A
time shift:           3.7000
half duration:        2.5000
latitude:            51.1400
longitude:         -178.3300
depth:               39.9000
Mrr:            9.850000E+24
Mtt:           -1.050000E+25
Mpp:            6.300000E+23
Mrt:            5.550000E+24
Mrp:            6.180000E+24
Mtp:           -3.460000E+24
