 PDE 2005 11 20 12 53 03.00   53.8400 -164.0900  30.0 6.2 5.8 UNIMAK ISLAND REGION, ALASKA
event name:   C200511201253A
time shift:           3.8000
half duration:        2.9000
latitude:            53.7500
longitude:         -163.9300
depth:               32.0000
Mrr:            1.320000E+25
Mtt:           -1.140000E+25
Mpp:           -1.780000E+24
Mrt:            1.360000E+25
Mrp:            8.270000E+24
Mtp:           -7.600000E+24
