 PDE 2008 05 29 15 46 00.50   64.0000  -21.0100  10.0 6.3 6.3 ICELAND
event name:   C200805291546A
time shift:           5.7000
half duration:        3.4000
latitude:            63.9200
longitude:          -21.1700
depth:               12.0000
Mrr:           -7.040000E+24
Mtt:            7.100000E+23
Mpp:            6.320000E+24
Mrt:            2.260000E+24
Mrp:           -6.110000E+24
Mtp:            3.290000E+25
