 PDE 2007 09 26 15 43 01.40   -1.7900   99.4900  26.0 6.1 6.1 SOUTHERN SUMATRA, INDONESIA
event name:   C200709261543A
time shift:           4.9000
half duration:        2.7000
latitude:            -2.1300
longitude:           99.2000
depth:               25.0000
Mrr:            6.540000E+24
Mtt:           -4.550000E+24
Mpp:           -1.990000E+24
Mrt:            1.400000E+25
Mrp:           -9.150000E+24
Mtp:            4.790000E+24
