 PDE 2008 10 06 08 30 45.60   29.8100   90.3500  12.0 6.3 6.3 XIZANG
event name:   C200810060830A
time shift:           6.8000
half duration:        3.5000
latitude:            29.6600
longitude:           90.5000
depth:               12.0000
Mrr:           -2.760000E+25
Mtt:           -6.500000E+24
Mpp:            3.410000E+25
Mrt:           -6.830000E+24
Mrp:            5.910000E+24
Mtp:            1.830000E+25
