 PDE 2009 07 07 19 11 46.70   75.3500  -72.4500  19.0 6.0 6.1 BAFFIN BAY
event name:   C200907071911A
time shift:           2.5000
half duration:        2.5000
latitude:            75.3300
longitude:          -72.4900
depth:               16.5000
Mrr:            1.190000E+25
Mtt:            2.330000E+24
Mpp:           -1.420000E+25
Mrt:            3.720000E+24
Mrp:           -1.650000E+24
Mtp:            1.130000E+24
