 PDE 2006 09 01 10 18 51.60   -6.7600  155.5100  38.0 6.7 6.8 SOLOMON ISLANDS
event name:   C200609011018A
time shift:           7.7000
half duration:        5.7000
latitude:            -7.0100
longitude:          155.4200
depth:               45.6000
Mrr:            1.520000E+26
Mtt:           -9.460000E+25
Mpp:           -5.710000E+25
Mrt:            2.500000E+24
Mrp:           -2.850000E+25
Mtp:            8.730000E+25
