 PDE 2007 08 17 02 16 30.60   -5.3000  129.4700  21.9 5.8 5.8 BANDA SEA
event name:   C200708170216A
time shift:           1.7000
half duration:        2.0000
latitude:            -5.2800
longitude:          129.4600
depth:               16.9000
Mrr:            3.420000E+23
Mtt:           -4.540000E+24
Mpp:            4.200000E+24
Mrt:            1.320000E+23
Mrp:            1.380000E+24
Mtp:            5.780000E+24
