 PDE 2007 07 21 15 34 52.60  -22.1500  -65.7800 289.5 6.4 6.4 JUJUY PROVINCE, ARGENTINA
event name:   C200707211534A
time shift:           6.6000
half duration:        4.0000
latitude:           -22.3100
longitude:          -66.0000
depth:              280.2000
Mrr:           -1.590000E+24
Mtt:           -1.640000E+24
Mpp:            3.230000E+24
Mrt:            6.070000E+24
Mrp:           -5.340000E+25
Mtp:            1.930000E+24
