 PDE 2005 07 05 01 52 03.00    1.8200   97.0800  21.0 6.6 6.8 NORTHERN SUMATRA, INDONESIA
event name:   C200507050152A
time shift:           3.3000
half duration:        4.4000
latitude:             1.5600
longitude:           96.9300
depth:               16.0000
Mrr:            2.730000E+25
Mtt:           -1.130000E+25
Mpp:           -1.610000E+25
Mrt:            8.500000E+25
Mrp:           -7.440000E+25
Mtp:            1.720000E+25
