 PDE 2009 06 05 03 30 33.10   41.8200  143.4500  29.0 6.3 6.4 HOKKAIDO, JAPAN REGION
event name:   C200906050330A
time shift:           4.5000
half duration:        3.4000
latitude:            41.7000
longitude:          143.7200
depth:               31.6000
Mrr:            1.870000E+25
Mtt:           -5.210000E+24
Mpp:           -1.340000E+25
Mrt:            1.690000E+25
Mrp:            2.800000E+25
Mtp:           -1.200000E+25
