 PDE 2007 08 13 10 27 23.10  -60.5500  153.7900  10.0 6.1 6.1 WEST OF MACQUARIE ISLAND
event name:   C200708131027A
time shift:          10.8000
half duration:        2.8000
latitude:           -60.3200
longitude:          153.1900
depth:               18.8000
Mrr:           -2.490000E+24
Mtt:            1.490000E+25
Mpp:           -1.240000E+25
Mrt:            3.280000E+24
Mrp:            3.030000E+24
Mtp:           -1.290000E+25
