 PDE 2007 03 01 23 11 52.10   26.5800  -44.5900  10.0 6.0 5.9 NORTHERN MID-ATLANTIC RIDGE
event name:   C200703012311A
time shift:           3.8000
half duration:        2.4000
latitude:            26.5400
longitude:          -44.5700
depth:               12.0000
Mrr:           -1.110000E+25
Mtt:           -4.000000E+23
Mpp:            1.150000E+25
Mrt:           -5.000000E+22
Mrp:           -4.000000E+23
Mtp:            2.900000E+24
