 PDE 2007 05 30 20 22 12.70   52.1400  157.2900 116.0 6.4 6.4 KAMCHATKA PENINSULA, RUSSIA
event name:   C200705302022A
time shift:           5.6000
half duration:        4.0000
latitude:            52.0100
longitude:          157.7800
depth:              123.0000
Mrr:           -1.570000E+24
Mtt:           -5.220000E+24
Mpp:            6.790000E+24
Mrt:           -1.810000E+25
Mrp:           -5.190000E+25
Mtp:           -9.730000E+24
