 PDE 2008 05 07 16 02 02.60   36.1800  141.5400  19.0 6.2 6.2 NEAR EAST COAST OF HONSHU, JAPAN
event name:   C200805071602A
time shift:           4.7000
half duration:        3.0000
latitude:            36.1200
longitude:          141.8900
depth:               23.9000
Mrr:            1.610000E+25
Mtt:           -1.040000E+24
Mpp:           -1.510000E+25
Mrt:            6.270000E+24
Mrp:            1.640000E+25
Mtp:           -5.440000E+24
