 PDE 2005 04 10 10 29 11.30   -1.6400   99.6100  19.0 6.7 6.7 SOUTHERN SUMATRA, INDONESIA
event name:   C200504101029A
time shift:           6.5000
half duration:        5.4000
latitude:            -1.6800
longitude:           99.5400
depth:               12.0000
Mrr:            1.290000E+26
Mtt:           -5.040000E+25
Mpp:           -7.810000E+25
Mrt:           -2.770000E+25
Mrp:            3.970000E+25
Mtp:            5.250000E+25
