 PDE 2009 09 03 13 26 18.20   31.1400  130.0200 165.5 6.2 6.2 KYUSHU, JAPAN
event name:   C200909031326A
time shift:           3.7000
half duration:        3.0000
latitude:            31.0800
longitude:          130.1900
depth:              168.4000
Mrr:            1.440000E+25
Mtt:           -6.960000E+24
Mpp:           -7.460000E+24
Mrt:            3.290000E+24
Mrp:            1.940000E+25
Mtp:           -7.550000E+24
