 PDE 2006 06 22 10 53 11.60   45.4200  149.3400  95.0 6.0 6.0 KURIL ISLANDS
event name:   C200606221053A
time shift:           2.8000
half duration:        2.3000
latitude:            45.3700
longitude:          149.5200
depth:              104.8000
Mrr:           -2.090000E+24
Mtt:            3.880000E+24
Mpp:           -1.790000E+24
Mrt:            9.100000E+24
Mrp:            4.230000E+24
Mtp:           -4.700000E+23
