 PDE 2005 04 11 06 11 11.80    2.1700   96.7600  24.0 6.0 6.0 NORTHERN SUMATRA, INDONESIA
event name:   C200504110611A
time shift:           2.6000
half duration:        2.6000
latitude:             1.9200
longitude:           96.4800
depth:               24.0000
Mrr:            7.280000E+24
Mtt:           -3.950000E+24
Mpp:           -3.330000E+24
Mrt:            7.480000E+24
Mrp:           -8.300000E+24
Mtp:            4.950000E+24
