 PDE 2009 10 08 21 16 13.90  -12.9100  166.3100  35.0 6.0 5.9 SANTA CRUZ ISLANDS
event name:   C200910082116A
time shift:           3.7000
half duration:        2.3000
latitude:           -12.9100
longitude:          166.1000
depth:               16.0000
Mrr:            5.390000E+24
Mtt:            4.600000E+23
Mpp:           -5.840000E+24
Mrt:            2.990000E+24
Mrp:           -8.860000E+24
Mtp:            1.020000E+24
