 PDE 2006 11 16 06 20 20.80   46.3600  154.4700   9.0 6.0 5.9 EAST OF KURIL ISLANDS
event name:   C200611160620A
time shift:           4.8000
half duration:        2.3000
latitude:            46.4000
longitude:          154.6800
depth:               12.0000
Mrr:           -1.020000E+25
Mtt:            4.770000E+24
Mpp:            5.440000E+24
Mrt:            1.940000E+24
Mrp:            1.210000E+24
Mtp:            5.710000E+24
