 PDE 2009 12 09 16 00 43.30   -0.6400  -21.0700  10.0 6.4 6.4 CENTRAL MID-ATLANTIC RIDGE
event name:   C200912091600A
time shift:          12.9000
half duration:        3.9000
latitude:            -0.6200
longitude:          -20.8000
depth:               26.5000
Mrr:           -6.900000E+23
Mtt:            1.660000E+25
Mpp:           -1.600000E+25
Mrt:            1.750000E+24
Mrp:            6.080000E+24
Mtp:           -4.930000E+25
