 PDE 2009 06 04 17 25 25.50  -45.8300   35.1400  16.0 6.0 6.0 PRINCE EDWARD ISLANDS REGION
event name:   C200906041725A
time shift:           6.8000
half duration:        2.6000
latitude:           -45.5600
longitude:           35.0300
depth:               20.5000
Mrr:           -3.460000E+24
Mtt:            1.050000E+25
Mpp:           -7.030000E+24
Mrt:           -1.040000E+24
Mrp:            1.800000E+23
Mtp:            1.130000E+25
