 PDE 2008 08 09 16 36 38.20  -60.6900  153.8300  10.0 6.3 6.3 WEST OF MACQUARIE ISLAND
event name:   C200808091636A
time shift:           8.6000
half duration:        3.5000
latitude:           -60.8300
longitude:          153.5900
depth:               12.0000
Mrr:           -1.710000E+24
Mtt:            2.800000E+25
Mpp:           -2.630000E+25
Mrt:            2.820000E+24
Mrp:            2.770000E+24
Mtp:           -2.490000E+25
