 PDE 2005 05 08 17 07 35.80   20.3500 -109.1900  10.0 5.9 5.5 REVILLA GIGEDO ISLANDS REGION
event name:   C200505081707A
time shift:           3.1000
half duration:        2.1000
latitude:            20.6100
longitude:         -109.2400
depth:               16.0000
Mrr:           -3.700000E+23
Mtt:           -6.590000E+24
Mpp:            6.960000E+24
Mrt:            2.310000E+24
Mrp:            5.100000E+23
Mtp:            3.730000E+24
