 PDE 2008 02 25 21 02 18.40   -2.2400   99.8100  25.0 6.7 6.6 SOUTHERN SUMATRA, INDONESIA
event name:   C200802252102A
time shift:           4.6000
half duration:        5.3000
latitude:            -2.4600
longitude:           99.7000
depth:               17.0000
Mrr:            3.780000E+25
Mtt:           -2.190000E+25
Mpp:           -1.590000E+25
Mrt:            1.170000E+26
Mrp:           -7.750000E+25
Mtp:            2.190000E+25
