 PDE 2006 04 25 18 26 17.10    1.9900   97.0000  21.0 6.3 6.3 NORTHERN SUMATRA, INDONESIA
event name:   C200604251826A
time shift:           4.2000
half duration:        3.8000
latitude:             1.7800
longitude:           96.7700
depth:               12.0000
Mrr:            7.630000E+24
Mtt:           -5.250000E+24
Mpp:           -2.380000E+24
Mrt:            2.500000E+25
Mrp:           -2.720000E+25
Mtp:            4.750000E+24
