 PDE 2008 01 30 07 32 42.80   -7.3000  127.6900   8.0 6.1 6.2 BANDA SEA
event name:   C200801300732A
time shift:           5.7000
half duration:        2.8000
latitude:            -7.1700
longitude:          127.7100
depth:               19.1000
Mrr:            1.210000E+25
Mtt:           -2.120000E+25
Mpp:            9.120000E+24
Mrt:           -6.640000E+24
Mrp:            2.240000E+24
Mtp:            1.570000E+24
