 PDE 2009 02 12 13 15 06.10    4.0400  126.5500  26.0 6.2 6.3 TALAUD ISLANDS, INDONESIA
event name:   C200902121315A
time shift:           5.1000
half duration:        3.2000
latitude:             4.0800
longitude:          126.7300
depth:               28.8000
Mrr:            2.170000E+25
Mtt:            3.650000E+24
Mpp:           -2.530000E+25
Mrt:            9.620000E+24
Mrp:            1.350000E+25
Mtp:            5.550000E+24
