 PDE 2007 03 17 17 42 26.30    1.1300  126.2200  35.0 6.2 6.2 NORTHERN MOLUCCA SEA
event name:   C200703171742A
time shift:           5.8000
half duration:        3.2000
latitude:             1.3000
longitude:          126.3700
depth:               40.9000
Mrr:            2.620000E+25
Mtt:           -7.200000E+23
Mpp:           -2.550000E+25
Mrt:           -2.430000E+24
Mrp:            2.090000E+24
Mtp:           -9.460000E+24
