 PDE 2007 11 02 22 31 43.90  -55.4700 -128.9700  10.0 6.2 6.1 PACIFIC-ANTARCTIC RIDGE
event name:   C200711022231A
time shift:           2.5000
half duration:        2.9000
latitude:           -55.4000
longitude:         -128.8000
depth:               13.6000
Mrr:           -1.880000E+24
Mtt:            1.310000E+25
Mpp:           -1.130000E+25
Mrt:           -4.800000E+23
Mrp:            1.700000E+23
Mtp:            1.730000E+25
