 PDE 2005 04 03 00 59 21.40    0.3700   98.3200  30.0 6.0 5.9 NORTHERN SUMATRA, INDONESIA
event name:   C200504030059A
time shift:           3.7000
half duration:        2.5000
latitude:             0.2400
longitude:           98.1200
depth:               32.0000
Mrr:            5.940000E+24
Mtt:           -2.890000E+24
Mpp:           -3.060000E+24
Mrt:            9.620000E+24
Mrp:           -7.650000E+24
Mtp:            4.180000E+24
