 PDE 2009 10 14 18 00 21.80  -14.9100 -174.8200  10.0 6.2 6.3 SAMOA ISLANDS REGION
event name:   C200910141800A
time shift:           7.6000
half duration:        3.2000
latitude:           -14.9000
longitude:         -174.6100
depth:               12.7000
Mrr:            5.500000E+23
Mtt:           -9.330000E+24
Mpp:            8.780000E+24
Mrt:           -2.770000E+24
Mrp:            4.500000E+24
Mtp:            2.590000E+25
