 PDE 2009 09 02 07 55 01.00   -7.7800  107.3000  46.0 7.0 7.0 JAVA, INDONESIA
event name:   C200909020755A
time shift:           6.5000
half duration:        7.5000
latitude:            -8.1200
longitude:          107.3300
depth:               53.2000
Mrr:            3.820000E+26
Mtt:           -1.680000E+26
Mpp:           -2.140000E+26
Mrt:            1.430000E+26
Mrp:           -1.280000E+26
Mtp:           -8.250000E+25
