 PDE 2009 09 23 02 59 30.50  -52.9600  159.9100  10.0 6.0 6.0 MACQUARIE ISLAND REGION
event name:   C200909230259A
time shift:           7.8000
half duration:        2.4000
latitude:           -52.9500
longitude:          159.5800
depth:               20.9000
Mrr:            2.000000E+22
Mtt:            1.120000E+25
Mpp:           -1.120000E+25
Mrt:            4.000000E+23
Mrp:            1.600000E+23
Mtp:            4.910000E+24
