 PDE 2006 03 07 06 28 55.00  -14.8100  167.3700 136.2 6.2 0.0 VANUATU ISLANDS
event name:   C200603070628A
time shift:           3.6000
half duration:        2.9000
latitude:           -14.9000
longitude:          167.2000
depth:              143.8000
Mrr:            1.250000E+25
Mtt:            3.020000E+24
Mpp:           -1.550000E+25
Mrt:           -1.020000E+25
Mrp:           -5.390000E+24
Mtp:            1.080000E+25
