 PDE 2007 05 13 11 26 42.90  -19.5100 -179.3300 668.6 5.8 5.8 FIJI ISLANDS REGION
event name:   C200705131126A
time shift:           2.7000
half duration:        2.0000
latitude:           -19.5800
longitude:         -179.0300
depth:              694.9000
Mrr:            5.730000E+24
Mtt:           -2.420000E+24
Mpp:           -3.310000E+24
Mrt:            1.560000E+24
Mrp:           -2.110000E+24
Mtp:           -3.120000E+24
