 PDE 2009 10 13 11 38 05.30    2.9300  128.2300  32.0 6.0 6.0 HALMAHERA, INDONESIA
event name:   C200910131138A
time shift:           4.9000
half duration:        2.5000
latitude:             3.0900
longitude:          128.0500
depth:               38.5000
Mrr:           -3.540000E+24
Mtt:           -3.740000E+24
Mpp:            7.280000E+24
Mrt:            8.840000E+24
Mrp:           -1.990000E+24
Mtp:           -9.060000E+24
