 PDE 2008 06 10 04 13 37.80  -18.1000  167.8800  35.0 5.9 5.9 VANUATU ISLANDS
event name:   C200806100413A
time shift:           1.9000
half duration:        2.2000
latitude:           -18.1900
longitude:          167.7900
depth:               20.9000
Mrr:            6.860000E+24
Mtt:            2.300000E+23
Mpp:           -7.090000E+24
Mrt:            2.320000E+24
Mrp:           -4.740000E+24
Mtp:            1.540000E+24
