 PDE 2009 05 10 01 16 07.00    1.3900  -85.1700   6.0 6.1 6.1 OFF COAST OF ECUADOR
event name:   C200905100116A
time shift:           4.6000
half duration:        2.8000
latitude:             1.2200
longitude:          -85.3300
depth:               14.4000
Mrr:           -9.000000E+23
Mtt:            4.590000E+24
Mpp:           -3.690000E+24
Mrt:           -1.710000E+24
Mrp:            1.820000E+24
Mtp:            1.740000E+25
