 PDE 2008 04 28 18 33 34.20  -19.9400  168.9500  32.0 6.4 6.4 VANUATU ISLANDS
event name:   C200804281833A
time shift:           7.8000
half duration:        3.8000
latitude:           -19.9500
longitude:          168.7800
depth:               47.8000
Mrr:            4.500000E+25
Mtt:           -3.290000E+24
Mpp:           -4.170000E+25
Mrt:            1.470000E+24
Mrp:           -1.790000E+24
Mtp:            2.030000E+25
