 PDE 2007 11 27 04 27 00.60   16.0800  119.8500  52.5 5.9 5.9 LUZON, PHILIPPINES
event name:   C200711270427A
time shift:           1.6000
half duration:        2.1000
latitude:            16.2300
longitude:          119.7900
depth:               42.9000
Mrr:            6.830000E+24
Mtt:            6.000000E+23
Mpp:           -7.430000E+24
Mrt:           -1.050000E+24
Mrp:            4.450000E+24
Mtp:           -1.000000E+24
