 PDE 2005 11 05 10 48 21.30   -3.1600  148.1400  25.0 6.4 6.2 BISMARCK SEA
event name:   C200511051048A
time shift:           4.9000
half duration:        3.9000
latitude:            -3.1700
longitude:          148.6100
depth:               13.0000
Mrr:           -1.500000E+24
Mtt:            3.570000E+25
Mpp:           -3.420000E+25
Mrt:           -7.000000E+22
Mrp:            6.990000E+24
Mtp:            3.560000E+25
