 PDE 2009 08 01 13 33 30.00  -56.2300 -124.3000  10.0 6.0 6.1 SOUTHERN EAST PACIFIC RISE
event name:   C200908011333A
time shift:           8.5000
half duration:        2.5000
latitude:           -55.7000
longitude:         -124.5800
depth:               20.1000
Mrr:           -1.150000E+24
Mtt:            8.870000E+24
Mpp:           -7.720000E+24
Mrt:            4.200000E+23
Mrp:            3.000000E+23
Mtp:            1.110000E+25
