 PDE 2008 10 12 20 55 41.50  -20.1200  -64.9700 352.7 6.2 6.2 SOUTHERN BOLIVIA
event name:   C200810122055A
time shift:           3.1000
half duration:        3.0000
latitude:           -20.3000
longitude:          -65.2300
depth:              361.5000
Mrr:           -2.100000E+23
Mtt:           -3.300000E+24
Mpp:            3.510000E+24
Mrt:            3.850000E+24
Mrp:           -2.130000E+25
Mtp:            6.170000E+24
