 PDE 2008 02 03 07 34 12.20   -2.3000   28.9000  10.0 5.9 5.9 LAKE TANGANYIKA REGION
event name:   C200802030734A
time shift:           2.8000
half duration:        2.3000
latitude:            -2.3800
longitude:           28.8200
depth:               12.0000
Mrr:           -8.730000E+24
Mtt:           -1.160000E+24
Mpp:            9.890000E+24
Mrt:           -6.800000E+23
Mrp:           -3.300000E+24
Mtp:            5.700000E+23
