 PDE 2009 10 12 03 15 47.30  -17.1000   66.6900  10.0 6.2 6.2 MAURITIUS - REUNION REGION
event name:   C200910120315A
time shift:           4.2000
half duration:        3.0000
latitude:           -17.0800
longitude:           66.6000
depth:               14.9000
Mrr:           -3.450000E+24
Mtt:           -1.930000E+25
Mpp:            2.270000E+25
Mrt:           -1.130000E+24
Mrp:           -7.000000E+22
Mtp:            9.310000E+24
