 PDE 2008 05 07 16 16 36.20   36.1600  141.7600  23.3 6.1 6.1 NEAR EAST COAST OF HONSHU, JAPAN
event name:   C200805071616A
time shift:           4.1000
half duration:        2.6000
latitude:            36.1100
longitude:          141.9800
depth:               23.2000
Mrr:            1.140000E+25
Mtt:           -5.000000E+23
Mpp:           -1.090000E+25
Mrt:            4.490000E+24
Mrp:            9.990000E+24
Mtp:           -2.700000E+24
