 PDE 2008 09 25 01 47 12.10   30.8300   83.4700  10.0 6.0 6.0 XIZANG
event name:   C200809250147A
time shift:           5.8000
half duration:        2.3000
latitude:            30.6600
longitude:           83.6900
depth:               21.2000
Mrr:           -2.740000E+24
Mtt:           -7.710000E+24
Mpp:            1.040000E+25
Mrt:            2.620000E+24
Mrp:            4.000000E+23
Mtp:           -5.280000E+24
