 PDE 2007 11 20 15 28 28.10  -30.0300 -177.9300  58.8 5.9 5.9 KERMADEC ISLANDS, NEW ZEALAND
event name:   C200711201528A
time shift:           2.2000
half duration:        2.2000
latitude:           -29.8100
longitude:         -177.4000
depth:               51.5000
Mrr:            7.610000E+24
Mtt:            2.500000E+23
Mpp:           -7.860000E+24
Mrt:            6.000000E+23
Mrp:            3.710000E+24
Mtp:           -2.520000E+24
