 PDE 2005 08 13 07 36 52.80   20.1300  145.8000  48.6 6.0 5.6 MARIANA ISLANDS
event name:   C200508130736A
time shift:           1.4000
half duration:        2.4000
latitude:            20.2900
longitude:          145.9800
depth:               32.0000
Mrr:            5.790000E+24
Mtt:           -7.560000E+24
Mpp:            1.760000E+24
Mrt:            3.400000E+24
Mrp:           -2.000000E+23
Mtp:           -9.800000E+24
