 PDE 2009 01 22 13 40 26.00   -5.9100  148.5100  44.0 6.0 6.1 NEW BRITAIN REGION, P.N.G.
event name:   C200901221340A
time shift:           6.8000
half duration:        2.4000
latitude:            -6.3200
longitude:          148.6000
depth:               51.7000
Mrr:            1.140000E+25
Mtt:           -1.310000E+25
Mpp:            1.720000E+24
Mrt:            1.710000E+24
Mrp:           -1.210000E+24
Mtp:           -8.800000E+23
