 PDE 2009 01 08 19 21 35.60   10.1600  -84.2000  14.0 6.1 6.1 COSTA RICA
event name:   C200901081921A
time shift:           5.5000
half duration:        2.7000
latitude:            10.2300
longitude:          -84.1100
depth:               12.0000
Mrr:            2.890000E+24
Mtt:           -1.810000E+25
Mpp:            1.520000E+25
Mrt:           -4.690000E+24
Mrp:           -1.490000E+24
Mtp:           -4.860000E+24
