 PDE 2006 09 12 13 30 55.70  -28.9400  -68.9000 114.0 5.9 6.0 LA RIOJA PROVINCE, ARGENTINA
event name:   C200609121330A
time shift:           4.2000
half duration:        2.2000
latitude:           -29.1900
longitude:          -69.1300
depth:              113.7000
Mrr:           -6.010000E+24
Mtt:            1.430000E+24
Mpp:            4.580000E+24
Mrt:           -2.070000E+24
Mrp:            5.490000E+24
Mtp:           -4.610000E+24
