 PDE 2007 04 21 17 20 31.90  -13.8400  166.8400  40.7 6.0 6.0 VANUATU ISLANDS
event name:   C200704211720A
time shift:           4.3000
half duration:        2.6000
latitude:           -14.0200
longitude:          166.6700
depth:               40.1000
Mrr:            1.380000E+25
Mtt:            5.100000E+23
Mpp:           -1.430000E+25
Mrt:            5.200000E+23
Mrp:            1.130000E+24
Mtp:            3.870000E+24
