 PDE 2007 01 31 03 15 52.30  -29.7800 -178.0000  34.0 6.5 6.5 KERMADEC ISLANDS, NEW ZEALAND
event name:   C200701310315A
time shift:           9.2000
half duration:        4.3000
latitude:           -29.5400
longitude:         -177.4000
depth:               56.1000
Mrr:            6.270000E+25
Mtt:            5.300000E+23
Mpp:           -6.320000E+25
Mrt:            6.780000E+24
Mrp:            2.800000E+25
Mtp:           -1.510000E+25
