 PDE 2007 03 22 06 10 43.10   -3.3900   86.7800  21.0 5.9 5.9 SOUTH INDIAN OCEAN
event name:   C200703220610A
time shift:           2.8000
half duration:        2.2000
latitude:            -3.3500
longitude:           86.7600
depth:               33.0000
Mrr:            2.380000E+24
Mtt:           -7.460000E+24
Mpp:            5.080000E+24
Mrt:           -2.750000E+24
Mrp:            3.290000E+24
Mtp:           -4.330000E+24
