 PDE 2008 02 27 06 54 20.60   26.8200  142.4400  15.0 6.2 6.2 BONIN ISLANDS, JAPAN REGION
event name:   C200802270654A
time shift:           3.2000
half duration:        3.2000
latitude:            26.7200
longitude:          142.8000
depth:               16.8000
Mrr:            1.870000E+25
Mtt:            2.170000E+24
Mpp:           -2.090000E+25
Mrt:            3.930000E+24
Mrp:            2.050000E+25
Mtp:           -3.450000E+24
