 PDE 2007 01 23 17 16 20.90  -13.1000  167.0500 188.1 5.9 5.9 VANUATU ISLANDS
event name:   C200701231716A
time shift:           3.2000
half duration:        2.1000
latitude:           -13.0800
longitude:          166.8600
depth:              191.0000
Mrr:            5.790000E+24
Mtt:            6.900000E+23
Mpp:           -6.480000E+24
Mrt:           -3.750000E+24
Mrp:           -1.050000E+24
Mtp:            3.580000E+24
