 PDE 2005 04 08 05 48 37.90   -0.2200   97.7300  20.9 6.1 6.3 SOUTHWEST OF SUMATRA, INDONESIA
event name:   C200504080548A
time shift:           2.1000
half duration:        2.8000
latitude:            -0.4600
longitude:           97.7100
depth:               12.0000
Mrr:            5.830000E+24
Mtt:           -1.290000E+25
Mpp:            7.060000E+24
Mrt:            7.950000E+24
Mrp:            3.040000E+24
Mtp:            1.120000E+25
