 PDE 2005 12 16 18 32 16.40   38.5100  141.9000  42.9 6.0 5.6 NEAR EAST COAST OF HONSHU, JAPAN
event name:   C200512161832A
time shift:           3.0000
half duration:        2.5000
latitude:            38.4700
longitude:          142.2100
depth:               36.0000
Mrr:            7.770000E+24
Mtt:            1.200000E+23
Mpp:           -7.890000E+24
Mrt:            4.290000E+24
Mrp:            9.770000E+24
Mtp:           -3.000000E+24
