 PDE 2005 11 22 15 11 31.60   -5.1500  145.2800  68.0 6.2 0.0 EASTERN NEW GUINEA REG., P.N.G.
event name:   C200511221511A
time shift:           6.0000
half duration:        2.9000
latitude:            -5.2000
longitude:          145.3300
depth:               76.9000
Mrr:           -3.190000E+24
Mtt:            5.980000E+24
Mpp:           -2.790000E+24
Mrt:           -1.940000E+25
Mrp:            9.300000E+23
Mtp:           -9.090000E+24
