 PDE 2005 07 06 06 22 32.50  -35.7900 -102.8100  10.0 5.8 5.1 SOUTHEAST OF EASTER ISLAND
event name:   C200507060622A
time shift:           6.2000
half duration:        2.1000
latitude:           -35.9100
longitude:         -103.1300
depth:               12.0000
Mrr:           -4.930000E+23
Mtt:           -1.460000E+24
Mpp:            1.950000E+24
Mrt:            3.350000E+23
Mrp:           -1.630000E+24
Mtp:           -7.110000E+24
