 PDE 2007 03 13 02 59 04.40   26.2600 -110.5400  26.1 5.9 6.0 GULF OF CALIFORNIA
event name:   C200703130259A
time shift:          -0.2000
half duration:        2.3000
latitude:            26.2500
longitude:         -110.6900
depth:               15.9000
Mrr:           -5.400000E+23
Mtt:           -9.390000E+24
Mpp:            9.930000E+24
Mrt:            5.500000E+23
Mrp:            1.000000E+22
Mtp:            2.220000E+24
