 PDE 2008 02 09 18 34 01.60   -0.2400  125.0800  38.0 6.0 6.0 SOUTHERN MOLUCCA SEA
event name:   C200802091833A
time shift:           2.7000
half duration:        2.3000
latitude:            -0.3300
longitude:          125.3700
depth:               32.4000
Mrr:            7.780000E+24
Mtt:           -5.010000E+24
Mpp:           -2.770000E+24
Mrt:            3.100000E+24
Mrp:            5.860000E+24
Mtp:           -5.150000E+24
