 PDE 2008 01 04 07 29 18.30   -2.7800  101.0300  35.0 6.0 6.0 SOUTHERN SUMATRA, INDONESIA
event name:   C200801040729A
time shift:           4.6000
half duration:        2.5000
latitude:            -3.0900
longitude:          100.6900
depth:               46.1000
Mrr:            9.630000E+24
Mtt:           -4.780000E+24
Mpp:           -4.840000E+24
Mrt:            6.500000E+24
Mrp:           -4.640000E+24
Mtp:            5.970000E+24
