 PDE 2007 05 25 17 47 31.30  -24.2200  -67.0300 180.5 5.9 5.9 CHILE-ARGENTINA BORDER REGION
event name:   C200705251747A
time shift:           4.1000
half duration:        2.1000
latitude:           -24.3300
longitude:          -67.3600
depth:              188.5000
Mrr:           -2.750000E+24
Mtt:           -2.340000E+24
Mpp:            5.090000E+24
Mrt:            3.470000E+24
Mrp:           -6.410000E+24
Mtp:           -5.680000E+23
