 PDE 2007 10 25 13 50 02.60   46.0100  154.2300  10.0 6.1 6.1 EAST OF KURIL ISLANDS
event name:   C200710251350A
time shift:           3.7000
half duration:        2.7000
latitude:            45.8900
longitude:          154.3300
depth:               35.8000
Mrr:            3.700000E+24
Mtt:            1.280000E+25
Mpp:           -1.650000E+25
Mrt:            5.720000E+24
Mrp:            5.200000E+23
Mtp:            2.620000E+24
