 PDE 2009 05 01 06 03 05.70  -10.7700  162.2200  21.0 5.9 5.9 SOLOMON ISLANDS
event name:   C200905010603A
time shift:           1.2000
half duration:        2.1000
latitude:           -10.7600
longitude:          162.3300
depth:               12.9000
Mrr:           -1.350000E+24
Mtt:           -7.410000E+24
Mpp:            8.760000E+24
Mrt:           -2.190000E+24
Mrp:           -1.380000E+24
Mtp:           -1.300000E+23
