 PDE 2009 09 07 22 41 37.40   42.6600   43.4400  15.0 6.0 6.0 NORTHWESTERN CAUCASUS
event name:   C200909072241A
time shift:           3.5000
half duration:        2.4000
latitude:            42.6100
longitude:           43.5100
depth:               13.4000
Mrr:            9.230000E+24
Mtt:           -6.390000E+24
Mpp:           -2.840000E+24
Mrt:            6.310000E+24
Mrp:           -2.210000E+24
Mtp:            4.730000E+24
