 PDE 2009 07 26 23 01 31.30  -17.7500  168.0900  25.0 5.8 5.9 VANUATU ISLANDS
event name:   C200907262301A
time shift:           5.0000
half duration:        2.0000
latitude:           -17.8100
longitude:          167.9400
depth:               34.6000
Mrr:            3.350000E+23
Mtt:           -4.400000E+22
Mpp:           -2.900000E+23
Mrt:            1.860000E+24
Mrp:           -6.700000E+24
Mtp:            1.020000E+24
