 PDE 2008 08 10 08 20 31.70   11.0400   91.8100  10.0 6.2 6.2 ANDAMAN ISLANDS, INDIA REGION
event name:   C200808100820A
time shift:           5.7000
half duration:        2.9000
latitude:            10.9600
longitude:           91.8300
depth:               15.8000
Mrr:           -5.770000E+24
Mtt:           -1.760000E+25
Mpp:            2.340000E+25
Mrt:           -3.220000E+24
Mrp:            2.500000E+24
Mtp:            2.950000E+24
