 PDE 2009 08 17 10 10 55.70   23.4200  123.5300  10.0 6.1 6.2 SOUTHWESTERN RYUKYU ISL., JAPAN
event name:   C200908171011A
time shift:           2.9000
half duration:        2.8000
latitude:            23.3400
longitude:          123.5100
depth:               12.0000
Mrr:           -6.380000E+24
Mtt:            1.820000E+25
Mpp:           -1.180000E+25
Mrt:            1.050000E+25
Mrp:           -5.610000E+24
Mtp:           -1.900000E+23
