 PDE 2007 03 07 10 53 37.60    1.9600   97.9100  35.0 5.9 5.9 NORTHERN SUMATRA, INDONESIA
event name:   C200703071053A
time shift:           4.6000
half duration:        2.2000
latitude:             1.8000
longitude:           97.7400
depth:               49.0000
Mrr:            6.010000E+24
Mtt:           -2.490000E+24
Mpp:           -3.520000E+24
Mrt:            5.070000E+24
Mrp:           -3.020000E+24
Mtp:            3.840000E+24
