 PDE 2009 10 31 19 09 51.60  -11.3800  166.3800 133.9 5.9 5.9 SANTA CRUZ ISLANDS
event name:   C200910311909A
time shift:           3.3000
half duration:        2.2000
latitude:           -11.3900
longitude:          166.3000
depth:              139.4000
Mrr:            9.710000E+24
Mtt:           -2.590000E+24
Mpp:           -7.110000E+24
Mrt:           -1.370000E+24
Mrp:           -1.900000E+23
Mtp:           -2.860000E+24
