 PDE 2008 03 24 20 39 07.60  -20.0400  -68.9600 120.0 6.2 6.2 CHILE-BOLIVIA BORDER REGION
event name:   C200803242039A
time shift:           3.3000
half duration:        2.9000
latitude:           -20.3100
longitude:          -69.4200
depth:              129.2000
Mrr:           -1.330000E+25
Mtt:           -1.670000E+24
Mpp:            1.490000E+25
Mrt:            4.100000E+23
Mrp:           -1.580000E+25
Mtp:            2.560000E+24
