 PDE 2009 11 01 21 28 58.90  -15.5100 -173.7500 105.0 5.8 5.8 TONGA ISLANDS
event name:   C200911012128A
time shift:           5.3000
half duration:        2.0000
latitude:           -15.3400
longitude:         -173.3900
depth:              120.4000
Mrr:            2.170000E+24
Mtt:           -8.070000E+23
Mpp:           -1.370000E+24
Mrt:           -1.890000E+24
Mrp:            6.210000E+24
Mtp:           -2.940000E+24
