 PDE 2008 02 01 12 10 06.40  -21.5000 -179.3500 604.2 6.0 6.0 FIJI ISLANDS REGION
event name:   C200802011210A
time shift:           4.4000
half duration:        2.4000
latitude:           -21.5300
longitude:         -179.2700
depth:              629.5000
Mrr:            4.600000E+23
Mtt:           -1.070000E+24
Mpp:            6.100000E+23
Mrt:           -9.910000E+24
Mrp:           -7.830000E+24
Mtp:           -1.500000E+23
