 PDE 2009 11 04 18 41 44.40   36.1500  -33.8700  10.0 5.9 5.9 AZORES ISLANDS REGION
event name:   C200911041841A
time shift:           3.6000
half duration:        2.2000
latitude:            36.1700
longitude:          -33.8900
depth:               12.0000
Mrr:           -8.370000E+24
Mtt:            3.550000E+24
Mpp:            4.820000E+24
Mrt:           -8.200000E+23
Mrp:           -1.460000E+24
Mtp:            4.520000E+24
