 PDE 2005 05 19 01 54 52.80    1.9900   97.0400  30.0 6.8 6.9 NORTHERN SUMATRA, INDONESIA
event name:   C200505190154A
time shift:           9.8000
half duration:        6.6000
latitude:             1.8800
longitude:           96.7400
depth:               12.0000
Mrr:            5.570000E+25
Mtt:           -4.100000E+25
Mpp:           -1.460000E+25
Mrt:            1.600000E+26
Mrp:           -1.630000E+26
Mtp:            3.190000E+25
