 PDE 2007 04 04 11 02 29.60  -20.6900  169.0600  10.0 6.5 6.4 VANUATU ISLANDS
event name:   C200704041102A
time shift:           8.9000
half duration:        4.2000
latitude:           -20.7900
longitude:          168.8400
depth:               20.6000
Mrr:            5.230000E+25
Mtt:           -9.320000E+24
Mpp:           -4.300000E+25
Mrt:            1.580000E+25
Mrp:           -2.800000E+25
Mtp:            2.300000E+25
