 PDE 2005 06 15 10 13 59.40   -4.5900  153.1900  74.6 6.2 0.0 NEW IRELAND REGION, P.N.G.
event name:   C200506151013A
time shift:           1.7000
half duration:        3.1000
latitude:            -4.8000
longitude:          153.1500
depth:               61.0000
Mrr:            1.940000E+25
Mtt:           -2.410000E+25
Mpp:            4.710000E+24
Mrt:            1.090000E+25
Mrp:            5.900000E+24
Mtp:            4.000000E+24
