 PDE 2008 01 09 14 40 01.00   51.6500 -131.1800  10.0 6.0 6.1 QUEEN CHARLOTTE ISLANDS REGION
event name:   C200801091440A
time shift:           3.1000
half duration:        2.5000
latitude:            51.5200
longitude:         -131.4900
depth:               12.1000
Mrr:           -4.100000E+23
Mtt:           -2.570000E+24
Mpp:            2.980000E+24
Mrt:            2.550000E+24
Mrp:           -6.200000E+23
Mtp:            1.230000E+25
