 PDE 2008 03 18 08 22 47.10  -29.2500 -177.4400  25.0 6.2 6.2 KERMADEC ISLANDS, NEW ZEALAND
event name:   C200803180822A
time shift:           6.3000
half duration:        3.1000
latitude:           -29.0900
longitude:         -176.8900
depth:               35.1000
Mrr:            1.980000E+25
Mtt:            1.380000E+24
Mpp:           -2.110000E+25
Mrt:            3.420000E+24
Mrp:            1.520000E+25
Mtp:           -5.880000E+24
