 PDE 2007 12 01 01 44 32.00    1.9800   97.8800  44.6 5.9 5.9 NORTHERN SUMATRA, INDONESIA
event name:   C200712010144A
time shift:           3.5000
half duration:        2.2000
latitude:             1.8100
longitude:           97.7500
depth:               50.3000
Mrr:            6.890000E+24
Mtt:           -2.750000E+24
Mpp:           -4.140000E+24
Mrt:            5.430000E+24
Mrp:           -2.980000E+24
Mtp:            4.290000E+24
