 PDE 2005 09 04 23 58 34.90    3.0000  123.0700 443.9 6.0 0.0 CELEBES SEA
event name:   C200509042358A
time shift:           2.3000
half duration:        2.4000
latitude:             3.0500
longitude:          123.3200
depth:              454.4000
Mrr:            2.050000E+24
Mtt:            8.100000E+24
Mpp:           -1.010000E+25
Mrt:            5.130000E+24
Mrp:           -1.260000E+24
Mtp:           -3.080000E+24
