 PDE 2008 08 11 23 38 38.30   -1.0200  -21.8400  13.0 6.0 6.0 CENTRAL MID-ATLANTIC RIDGE
event name:   C200808112338A
time shift:           5.9000
half duration:        2.5000
latitude:            -0.7500
longitude:          -21.7500
depth:               24.3000
Mrr:           -3.700000E+23
Mtt:            4.050000E+24
Mpp:           -3.680000E+24
Mrt:           -7.800000E+23
Mrp:            1.280000E+24
Mtp:           -1.250000E+25
