 PDE 2008 04 23 18 28 41.90   22.8800  121.6200  10.0 6.0 6.0 TAIWAN REGION
event name:   C200804231828A
time shift:           3.2000
half duration:        2.4000
latitude:            22.8500
longitude:          121.6400
depth:               12.0000
Mrr:           -1.600000E+23
Mtt:            7.380000E+24
Mpp:           -7.220000E+24
Mrt:            2.000000E+24
Mrp:            3.010000E+24
Mtp:           -8.100000E+24
