 PDE 2008 08 28 15 22 23.70   -0.2500  -17.3600  15.0 6.3 6.3 NORTH OF ASCENSION ISLAND
event name:   C200808281522A
time shift:           6.8000
half duration:        3.4000
latitude:             0.1800
longitude:          -17.3700
depth:               21.3000
Mrr:           -8.600000E+23
Mtt:            1.250000E+25
Mpp:           -1.160000E+25
Mrt:            1.060000E+24
Mrp:           -3.810000E+24
Mtp:           -3.090000E+25
