 PDE 2007 12 16 08 09 17.90  -22.9500  -70.1800  45.0 6.7 6.7 NEAR COAST OF NORTHERN CHILE
event name:   C200712160809A
time shift:           3.9000
half duration:        5.5000
latitude:           -23.0200
longitude:          -70.4100
depth:               30.6000
Mrr:            1.320000E+25
Mtt:           -2.600000E+24
Mpp:           -1.050000E+25
Mrt:           -8.500000E+24
Mrp:            1.450000E+26
Mtp:           -1.430000E+25
