 PDE 2008 02 20 18 27 06.00   36.2900   21.7700   9.9 6.2 6.1 SOUTHERN GREECE
event name:   C200802201827A
time shift:           6.8000
half duration:        2.9000
latitude:            36.2400
longitude:           21.7300
depth:               17.6000
Mrr:            1.870000E+24
Mtt:           -1.290000E+25
Mpp:            1.110000E+25
Mrt:            6.730000E+24
Mrp:           -5.830000E+24
Mtp:            1.640000E+25
