 PDE 2008 02 08 09 38 14.10   10.6700  -41.9000   9.0 6.9 6.9 NORTHERN MID-ATLANTIC RIDGE
event name:   C200802080938A
time shift:           8.7000
half duration:        7.2000
latitude:            10.8500
longitude:          -41.7100
depth:               16.8000
Mrr:            2.270000E+25
Mtt:           -5.740000E+25
Mpp:            3.470000E+25
Mrt:            1.460000E+25
Mrp:            6.780000E+25
Mtp:           -3.090000E+26
