 PDE 2006 11 11 15 10 30.60   -5.9900  148.5900  47.0 5.9 5.9 NEW BRITAIN REGION, P.N.G.
event name:   C200611111510A
time shift:           6.1000
half duration:        2.3000
latitude:            -6.3200
longitude:          148.7400
depth:               47.4000
Mrr:            9.290000E+24
Mtt:           -1.080000E+25
Mpp:            1.480000E+24
Mrt:            1.540000E+24
Mrp:           -7.400000E+23
Mtp:            7.100000E+23
