 PDE 2006 08 25 00 44 46.20  -24.4100  -67.0300 184.3 6.6 6.6 CHILE-ARGENTINA BORDER REGION
event name:   C200608250044A
time shift:           5.3000
half duration:        4.7000
latitude:           -24.4400
longitude:          -67.1800
depth:              185.8000
Mrr:           -6.170000E+25
Mtt:           -1.590000E+25
Mpp:            7.760000E+25
Mrt:            3.930000E+25
Mrp:           -3.370000E+25
Mtp:           -1.910000E+25
