 PDE 2005 08 27 18 38 20.90    6.8200  -82.4300  10.0 6.0 5.6 SOUTH OF PANAMA
event name:   C200508271838A
time shift:           3.3000
half duration:        2.6000
latitude:             6.7700
longitude:          -82.3600
depth:               20.0000
Mrr:           -1.060000E+24
Mtt:            3.080000E+24
Mpp:           -2.030000E+24
Mrt:            2.250000E+24
Mrp:            6.300000E+23
Mtp:            1.480000E+25
