 PDE 2005 04 03 03 10 56.50    2.0200   97.9400  36.0 6.2 5.9 NORTHERN SUMATRA, INDONESIA
event name:   C200504030310A
time shift:           4.6000
half duration:        3.2000
latitude:             1.8100
longitude:           97.7400
depth:               46.0000
Mrr:            1.980000E+25
Mtt:           -9.020000E+24
Mpp:           -1.080000E+25
Mrt:            1.750000E+25
Mrp:           -1.120000E+25
Mtp:            1.190000E+25
