 PDE 2009 08 12 22 48 51.40   32.8200  140.4000  53.0 6.6 6.6 SOUTHEAST OF HONSHU, JAPAN
event name:   C200908122248A
time shift:           4.5000
half duration:        4.8000
latitude:            32.7400
longitude:          140.6800
depth:               55.2000
Mrr:            3.870000E+25
Mtt:           -5.000000E+24
Mpp:           -3.370000E+25
Mrt:           -1.720000E+25
Mrp:           -8.010000E+25
Mtp:           -2.850000E+25
