 PDE 2008 09 03 11 25 14.40  -26.7400  -63.2200 569.6 6.3 6.3 SANTIAGO DEL ESTERO PROV., ARG.
event name:   C200809031125A
time shift:           3.2000
half duration:        3.4000
latitude:           -26.8500
longitude:          -63.3000
depth:              571.3000
Mrr:           -1.310000E+25
Mtt:           -5.400000E+24
Mpp:            1.850000E+25
Mrt:           -1.600000E+25
Mrp:            2.390000E+25
Mtp:           -8.800000E+23
