 PDE 2006 12 27 20 15 40.80   -5.7500  154.4200 375.4 6.0 6.0 SOLOMON ISLANDS
event name:   C200612272015A
time shift:           0.8000
half duration:        2.5000
latitude:            -5.7300
longitude:          154.4900
depth:              368.1000
Mrr:           -9.760000E+24
Mtt:            1.990000E+24
Mpp:            7.770000E+24
Mrt:           -1.000000E+23
Mrp:           -7.200000E+24
Mtp:           -5.700000E+24
