 PDE 2007 06 14 13 37 40.90  -36.2100 -100.1500  10.0 5.9 5.9 SOUTHEAST OF EASTER ISLAND
event name:   C200706141337A
time shift:           2.5000
half duration:        2.1000
latitude:           -36.2200
longitude:         -100.3700
depth:               17.7000
Mrr:           -2.520000E+24
Mtt:            1.320000E+24
Mpp:            1.190000E+24
Mrt:            1.280000E+24
Mrp:            3.260000E+23
Mtp:           -7.740000E+24
