 PDE 2005 12 30 18 26 43.90    7.5300  -82.2700  10.0 6.1 5.4 SOUTH OF PANAMA
event name:   C200512301826A
time shift:           6.0000
half duration:        2.6000
latitude:             7.4400
longitude:          -82.3300
depth:               18.0000
Mrr:           -1.800000E+23
Mtt:            4.900000E+23
Mpp:           -3.100000E+23
Mrt:            3.340000E+24
Mrp:            7.200000E+23
Mtp:            1.540000E+25
