 PDE 2008 11 08 07 49 59.00  -15.2200 -174.2300 121.0 6.0 6.0 TONGA ISLANDS
event name:   C200811080750A
time shift:           5.5000
half duration:        2.4000
latitude:           -15.0700
longitude:         -173.9400
depth:              131.9000
Mrr:           -3.370000E+24
Mtt:            6.520000E+24
Mpp:           -3.150000E+24
Mrt:           -6.570000E+24
Mrp:           -7.440000E+24
Mtp:           -2.390000E+24
