 PDE 2009 03 28 17 59 32.10   -2.9600  139.5400  96.2 5.9 6.0 NEAR NORTH COAST OF IRIAN JAYA
event name:   C200903281759A
time shift:           2.3000
half duration:        2.3000
latitude:            -2.8900
longitude:          139.6600
depth:               91.4000
Mrr:            8.340000E+24
Mtt:           -4.420000E+24
Mpp:           -3.930000E+24
Mrt:            5.250000E+24
Mrp:           -3.500000E+23
Mtp:            5.030000E+24
