 PDE 2005 03 06 04 39 59.40  -11.0500  163.0400  10.0 6.0 5.7 SOLOMON ISLANDS
event name:   C200503060439A
time shift:           4.3000
half duration:        2.5000
latitude:           -11.0400
longitude:          163.0600
depth:               13.3000
Mrr:           -4.200000E+23
Mtt:           -2.290000E+24
Mpp:            2.710000E+24
Mrt:           -6.600000E+23
Mrp:           -4.920000E+24
Mtp:            1.240000E+25
