 PDE 2006 02 23 04 04 05.00  -54.6700    1.7600  10.0 6.0 5.5 BOUVET ISLAND REGION
event name:   C200602230404A
time shift:           6.1000
half duration:        2.6000
latitude:           -54.6400
longitude:            1.9500
depth:               12.0000
Mrr:           -1.300000E+24
Mtt:            1.410000E+25
Mpp:           -1.280000E+25
Mrt:           -1.320000E+24
Mrp:            3.120000E+24
Mtp:           -6.500000E+23
