 PDE 2007 09 29 05 37 07.30    2.9000   95.5200  35.0 6.0 5.8 OFF W COAST OF NORTHERN SUMATRA
event name:   C200709290537A
time shift:           1.5000
half duration:        2.2000
latitude:             2.7100
longitude:           95.3900
depth:               15.0000
Mrr:            2.420000E+24
Mtt:           -1.700000E+24
Mpp:           -7.200000E+23
Mrt:            6.390000E+24
Mrp:           -8.120000E+24
Mtp:            1.590000E+24
