 PDE 2009 07 13 10 52 20.20   -9.1300  119.3200  67.2 5.9 5.9 SUMBA REGION, INDONESIA
event name:   C200907131052A
time shift:           4.2000
half duration:        2.3000
latitude:            -9.4100
longitude:          119.3900
depth:               72.4000
Mrr:           -4.200000E+24
Mtt:            6.070000E+24
Mpp:           -1.870000E+24
Mrt:           -7.130000E+24
Mrp:            2.290000E+24
Mtp:            3.870000E+24
