 PDE 2007 01 25 10 59 17.60   22.5600  121.9300  36.2 6.0 6.0 TAIWAN REGION
event name:   C200701251059A
time shift:          -0.2000
half duration:        2.5000
latitude:            22.6100
longitude:          122.0600
depth:               29.2000
Mrr:            5.400000E+23
Mtt:            8.250000E+24
Mpp:           -8.790000E+24
Mrt:            6.000000E+23
Mrp:            1.420000E+24
Mtp:           -1.040000E+25
