 PDE 2007 08 02 03 21 42.80   51.3100 -179.9700  21.0 6.7 6.7 ANDREANOF ISLANDS, ALEUTIAN IS.
event name:   C200708020321A
time shift:           8.5000
half duration:        5.7000
latitude:            51.1000
longitude:         -179.7300
depth:               31.9000
Mrr:            1.050000E+26
Mtt:           -1.080000E+26
Mpp:            2.700000E+24
Mrt:            8.060000E+25
Mrp:            7.530000E+25
Mtp:           -3.970000E+25
