 PDE 2007 09 28 11 16 39.20  -21.3300  169.1400  10.0 5.9 5.9 SOUTHEAST OF LOYALTY ISLANDS
event name:   C200709281116A
time shift:           5.9000
half duration:        2.1000
latitude:           -21.4500
longitude:          169.0800
depth:               14.1000
Mrr:            6.050000E+24
Mtt:           -1.290000E+24
Mpp:           -4.760000E+24
Mrt:            2.320000E+24
Mrp:           -4.040000E+24
Mtp:            2.890000E+24
