 PDE 2009 01 13 01 04 42.60  -13.1500   66.0800  10.0 6.0 6.0 MID-INDIAN RIDGE
event name:   C200901130104A
time shift:           2.5000
half duration:        2.4000
latitude:           -13.6200
longitude:           66.1900
depth:               12.0000
Mrr:           -8.000000E+23
Mtt:           -1.070000E+25
Mpp:            1.150000E+25
Mrt:           -1.540000E+24
Mrp:            1.770000E+24
Mtp:            3.830000E+24
