 PDE 2009 08 16 12 49 00.10   -1.4500   99.4300  21.0 5.8 5.8 SOUTHERN SUMATRA, INDONESIA
event name:   C200908161249A
time shift:           3.1000
half duration:        2.0000
latitude:            -1.4600
longitude:           99.4200
depth:               13.6000
Mrr:            5.150000E+24
Mtt:           -6.090000E+23
Mpp:           -4.540000E+24
Mrt:           -1.010000E+24
Mrp:            3.790000E+24
Mtp:            1.500000E+24
