 PDE 2007 09 01 19 14 22.80   24.9100 -109.6900  10.0 6.1 6.3 GULF OF CALIFORNIA
event name:   C200709011914A
time shift:           3.6000
half duration:        2.8000
latitude:            24.7600
longitude:         -109.8900
depth:               14.9000
Mrr:           -2.490000E+24
Mtt:           -1.380000E+25
Mpp:            1.630000E+25
Mrt:           -2.800000E+24
Mrp:            6.700000E+23
Mtp:           -1.130000E+25
