 PDE 2006 01 15 11 58 29.10   -7.8300  122.6000 264.8 6.1 0.0 FLORES SEA
event name:   C200601151158A
time shift:           2.9000
half duration:        2.9000
latitude:            -7.9200
longitude:          122.7000
depth:              262.1000
Mrr:           -4.500000E+24
Mtt:            1.200000E+25
Mpp:           -7.480000E+24
Mrt:           -1.320000E+25
Mrp:           -6.920000E+24
Mtp:           -9.550000E+24
