 PDE 2009 12 03 06 12 32.50  -56.4800 -122.3200  10.0 6.0 6.0 SOUTHERN EAST PACIFIC RISE
event name:   C200912030612A
time shift:           4.6000
half duration:        2.3000
latitude:           -56.1100
longitude:         -122.7800
depth:               12.0000
Mrr:           -6.900000E+23
Mtt:            5.780000E+24
Mpp:           -5.090000E+24
Mrt:           -8.200000E+23
Mrp:           -2.330000E+24
Mtp:            8.880000E+24
