 PDE 2006 10 24 03 03 45.30    4.9000  125.2900  10.0 5.9 6.1 TALAUD ISLANDS, INDONESIA
event name:   C200610240303A
time shift:           6.9000
half duration:        2.3000
latitude:             5.0400
longitude:          125.3400
depth:               12.4000
Mrr:            8.110000E+24
Mtt:           -1.900000E+23
Mpp:           -7.920000E+24
Mrt:            1.390000E+24
Mrp:           -5.490000E+24
Mtp:            2.720000E+24
