 PDE 2008 04 29 19 10 02.20   -6.1100  127.4800 404.7 5.9 5.9 BANDA SEA
event name:   C200804291910A
time shift:           3.1000
half duration:        2.2000
latitude:            -6.0800
longitude:          127.6100
depth:              412.2000
Mrr:            6.300000E+23
Mtt:           -2.190000E+24
Mpp:            1.560000E+24
Mrt:           -7.530000E+24
Mrp:            2.030000E+24
Mtp:           -5.200000E+24
