 PDE 2007 02 25 15 00 41.20   26.1500 -110.4200  10.0 5.9 5.9 GULF OF CALIFORNIA
event name:   C200702251500A
time shift:           3.8000
half duration:        2.1000
latitude:            26.1800
longitude:         -110.6500
depth:               19.1000
Mrr:           -1.270000E+24
Mtt:           -7.680000E+24
Mpp:            8.950000E+24
Mrt:           -1.400000E+23
Mrp:            5.400000E+23
Mtp:           -8.800000E+23
