 PDE 2005 12 02 13 13 09.50   38.0900  142.1200  29.0 6.5 6.3 NEAR EAST COAST OF HONSHU, JAPAN
event name:   C200512021313A
time shift:           3.8000
half duration:        4.1000
latitude:            38.1100
longitude:          142.3800
depth:               34.0000
Mrr:            3.810000E+25
Mtt:           -1.020000E+24
Mpp:           -3.710000E+25
Mrt:            1.920000E+25
Mrp:            4.400000E+25
Mtp:           -1.520000E+25
