 PDE 2006 09 28 06 22 09.70  -16.5900 -172.0300  28.0 6.9 6.9 SAMOA ISLANDS REGION
event name:   C200609280622A
time shift:           7.0000
half duration:        6.8000
latitude:           -16.6300
longitude:         -171.6600
depth:               15.5000
Mrr:           -2.540000E+26
Mtt:           -5.500000E+24
Mpp:            2.590000E+26
Mrt:            3.840000E+25
Mrp:            4.090000E+25
Mtp:            6.140000E+25
