 PDE 2009 02 11 18 25 11.20    4.0300  126.7800  35.0 6.0 6.0 TALAUD ISLANDS, INDONESIA
event name:   C200902111825A
time shift:           3.1000
half duration:        2.4000
latitude:             4.0600
longitude:          126.8800
depth:               26.2000
Mrr:            1.120000E+25
Mtt:           -2.000000E+22
Mpp:           -1.110000E+25
Mrt:           -2.120000E+24
Mrp:           -2.300000E+23
Mtp:            3.300000E+23
