 PDE 2006 08 20 03 01 02.40   49.8200  156.4100  26.0 6.0 6.0 KURIL ISLANDS
event name:   C200608200301A
time shift:           5.3000
half duration:        2.4000
latitude:            49.5800
longitude:          156.8700
depth:               35.6000
Mrr:            9.580000E+24
Mtt:           -4.560000E+24
Mpp:           -5.020000E+24
Mrt:            5.340000E+24
Mrp:            2.710000E+24
Mtp:           -5.840000E+24
