 PDE 2008 08 28 12 37 34.80   50.1700 -129.6300  10.0 5.9 5.9 VANCOUVER ISLAND, CANADA REGION
event name:   C200808281237A
time shift:           0.6000
half duration:        2.2000
latitude:            49.7700
longitude:         -130.1400
depth:               12.0000
Mrr:            3.600000E+23
Mtt:           -8.720000E+24
Mpp:            8.370000E+24
Mrt:            5.700000E+23
Mrp:            9.800000E+23
Mtp:           -5.900000E+23
