 PDE 2008 04 24 12 14 49.90   -1.1800  -23.4700  10.0 6.5 6.5 CENTRAL MID-ATLANTIC RIDGE
event name:   C200804241214A
time shift:          15.1000
half duration:        4.2000
latitude:            -1.1400
longitude:          -23.8700
depth:               15.4000
Mrr:            3.680000E+24
Mtt:            7.600000E+24
Mpp:           -1.130000E+25
Mrt:            1.430000E+25
Mrp:            1.910000E+25
Mtp:           -5.870000E+25
