 PDE 2006 06 09 05 58 27.80  -17.5300 -178.7500 564.4 6.1 6.1 FIJI ISLANDS REGION
event name:   C200606090558A
time shift:           3.9000
half duration:        2.7000
latitude:           -17.3600
longitude:         -178.6200
depth:              585.9000
Mrr:           -3.350000E+24
Mtt:            6.470000E+24
Mpp:           -3.130000E+24
Mrt:            6.220000E+24
Mrp:           -1.220000E+25
Mtp:            1.170000E+25
