 PDE 2008 09 18 01 41 02.80   -4.5500 -106.0000  10.0 6.0 6.0 CENTRAL EAST PACIFIC RISE
event name:   C200809180141A
time shift:           4.1000
half duration:        2.5000
latitude:            -4.5300
longitude:         -105.9800
depth:               16.0000
Mrr:           -1.070000E+24
Mtt:            4.920000E+24
Mpp:           -3.840000E+24
Mrt:            1.500000E+24
Mrp:            2.390000E+24
Mtp:            1.220000E+25
