 PDE 2008 06 06 13 42 49.00   -7.4900  127.8900 122.0 6.0 6.0 BANDA SEA
event name:   C200806061342A
time shift:           3.6000
half duration:        2.3000
latitude:            -7.6300
longitude:          127.8700
depth:              138.2000
Mrr:            1.070000E+25
Mtt:           -1.060000E+25
Mpp:           -1.500000E+23
Mrt:           -4.700000E+23
Mrp:            3.000000E+24
Mtp:            8.100000E+23
