 PDE 2006 10 15 17 07 49.20   19.8800 -155.9300  38.9 6.7 6.7 HAWAII
event name:   C200610151707A
time shift:           6.0000
half duration:        5.5000
latitude:            19.8300
longitude:         -155.9400
depth:               48.0000
Mrr:           -8.160000E+25
Mtt:            8.690000E+25
Mpp:           -5.300000E+24
Mrt:            6.300000E+24
Mrp:           -8.180000E+25
Mtp:           -8.530000E+25
