 PDE 2005 09 30 23 15 19.70   -5.6700  151.6800  25.0 5.8 5.7 NEW BRITAIN REGION, P.N.G.
event name:   C200509302315A
time shift:           5.5000
half duration:        2.0000
latitude:            -5.7800
longitude:          151.9100
depth:               24.0000
Mrr:            3.930000E+24
Mtt:           -3.890000E+24
Mpp:           -4.400000E+22
Mrt:            4.990000E+24
Mrp:            2.760000E+24
Mtp:           -1.780000E+24
