 PDE 2006 04 15 22 40 54.10   22.8000  121.3600  17.6 5.9 5.9 TAIWAN REGION
event name:   C200604152240A
time shift:           3.3000
half duration:        2.2000
latitude:            22.8700
longitude:          121.4000
depth:               21.7000
Mrr:            7.750000E+24
Mtt:            5.700000E+23
Mpp:           -8.320000E+24
Mrt:           -2.240000E+24
Mrp:            6.800000E+23
Mtp:           -2.510000E+24
