 PDE 2009 12 19 13 02 17.10   23.8000  121.6100  57.2 6.4 6.4 TAIWAN
event name:   C200912191302A
time shift:           3.2000
half duration:        4.0000
latitude:            23.7000
longitude:          121.6600
depth:               48.2000
Mrr:            2.760000E+25
Mtt:           -6.960000E+24
Mpp:           -2.060000E+25
Mrt:            2.810000E+24
Mrp:            4.170000E+25
Mtp:           -2.830000E+25
