 PDE 2009 07 08 19 23 37.70  -36.0000 -102.6900  12.0 6.0 6.0 SOUTHEAST OF EASTER ISLAND
event name:   C200907081923A
time shift:           3.5000
half duration:        2.3000
latitude:           -35.9900
longitude:         -102.7500
depth:               17.6000
Mrr:           -6.000000E+23
Mtt:           -2.310000E+24
Mpp:            2.910000E+24
Mrt:           -1.020000E+24
Mrp:           -7.200000E+23
Mtp:           -1.020000E+25
