 PDE 2008 04 18 20 39 07.10  -17.3400 -179.0200 553.8 6.3 6.3 FIJI ISLANDS REGION
event name:   C200804182039A
time shift:           5.4000
half duration:        3.5000
latitude:           -17.2600
longitude:         -178.9800
depth:              577.8000
Mrr:           -2.190000E+25
Mtt:            2.940000E+25
Mpp:           -7.550000E+24
Mrt:           -3.080000E+24
Mrp:           -1.630000E+25
Mtp:            2.080000E+25
