 PDE 2009 10 01 06 13 32.70  -15.3900 -173.2500  10.0 5.8 5.8 TONGA ISLANDS
event name:   C200910010613A
time shift:           8.6000
half duration:        2.0000
latitude:           -15.1100
longitude:         -172.8900
depth:               22.2000
Mrr:            5.410000E+24
Mtt:            2.810000E+23
Mpp:           -5.690000E+24
Mrt:           -1.060000E+24
Mrp:            3.260000E+24
Mtp:            3.910000E+24
