 PDE 2009 07 13 18 05 01.40   24.0600  122.2000  17.0 6.3 6.3 TAIWAN REGION
event name:   C200907131805A
time shift:           5.2000
half duration:        3.5000
latitude:            23.9500
longitude:          122.0300
depth:               26.2000
Mrr:            1.460000E+25
Mtt:           -2.240000E+25
Mpp:            7.760000E+24
Mrt:            3.090000E+25
Mrp:            1.230000E+25
Mtp:            2.360000E+24
