 PDE 2008 04 15 03 03 04.70   13.5600  -90.6000  33.0 6.2 6.1 NEAR COAST OF GUATEMALA
event name:   C200804150303A
time shift:           4.3000
half duration:        2.9000
latitude:            13.4200
longitude:          -91.0000
depth:               32.8000
Mrr:            4.460000E+24
Mtt:           -1.510000E+25
Mpp:            1.060000E+25
Mrt:           -8.940000E+24
Mrp:            1.320000E+25
Mtp:           -4.720000E+24
