 PDE 2008 09 10 11 00 34.10   26.7400   55.8300  12.0 6.1 6.1 SOUTHERN IRAN
event name:   C200809101100A
time shift:           4.3000
half duration:        2.7000
latitude:            26.6500
longitude:           55.7200
depth:               12.0000
Mrr:            1.340000E+25
Mtt:           -1.350000E+25
Mpp:            9.000000E+22
Mrt:            7.180000E+24
Mrp:            1.860000E+24
Mtp:           -9.050000E+24
