 PDE 2008 04 09 14 47 50.50  -20.0000  168.8700  35.0 6.3 6.3 LOYALTY ISLANDS
event name:   C200804091447A
time shift:           2.0000
half duration:        3.4000
latitude:           -20.1900
longitude:          168.5200
depth:               33.9000
Mrr:           -3.040000E+25
Mtt:            2.540000E+24
Mpp:            2.780000E+25
Mrt:           -2.410000E+24
Mrp:            1.860000E+25
Mtp:           -4.290000E+24
