 PDE 2007 02 17 00 02 56.80   41.7900  143.5500  31.0 6.0 6.0 HOKKAIDO, JAPAN REGION
event name:   C200702170002A
time shift:           2.7000
half duration:        2.4000
latitude:            41.6500
longitude:          143.9700
depth:               38.2000
Mrr:            7.200000E+24
Mtt:           -1.180000E+24
Mpp:           -6.020000E+24
Mrt:            3.380000E+24
Mrp:            8.170000E+24
Mtp:           -4.200000E+24
