 PDE 2006 03 09 17 55 55.30    0.7900  -26.1200  10.0 6.0 5.6 CENTRAL MID-ATLANTIC RIDGE
event name:   C200603091755A
time shift:           5.4000
half duration:        2.4000
latitude:             0.7900
longitude:          -25.9700
depth:               16.7000
Mrr:            5.000000E+22
Mtt:            2.260000E+24
Mpp:           -2.300000E+24
Mrt:           -3.900000E+23
Mrp:            1.180000E+24
Mtp:           -1.090000E+25
