 PDE 2005 11 11 14 58 50.00  -55.7000  -27.0600  28.8 5.8 5.4 SOUTH SANDWICH ISLANDS REGION
event name:   C200511111458A
time shift:           7.1000
half duration:        2.0000
latitude:           -55.6500
longitude:          -26.9700
depth:               15.0000
Mrr:            3.290000E+24
Mtt:           -5.590000E+23
Mpp:           -2.730000E+24
Mrt:           -2.100000E+24
Mrp:            5.560000E+24
Mtp:            2.810000E+24
