 PDE 2008 10 29 11 32 43.10   30.6000   67.4600  14.0 6.4 6.6 PAKISTAN
event name:   C200810291132A
time shift:           5.5000
half duration:        4.0000
latitude:            30.2900
longitude:           67.5700
depth:               12.0000
Mrr:            1.000000E+25
Mtt:           -5.310000E+25
Mpp:            4.300000E+25
Mrt:            2.210000E+25
Mrp:            4.970000E+24
Mtp:            1.290000E+25
