 PDE 2008 09 11 00 20 50.90   41.8900  143.7500  25.0 6.8 7.0 HOKKAIDO, JAPAN REGION
event name:   C200809110020A
time shift:           5.2000
half duration:        6.5000
latitude:            41.7900
longitude:          144.1100
depth:               20.0000
Mrr:            7.940000E+25
Mtt:           -3.270000E+25
Mpp:           -4.680000E+25
Mrt:            6.960000E+25
Mrp:            1.410000E+26
Mtp:           -4.780000E+25
