 PDE 2009 12 30 18 48 57.70   32.4400 -115.1700   9.0 5.9 5.9 CALIF.-BAJA CALIF. BORDER REGION
event name:   C200912301848A
time shift:           3.3000
half duration:        2.1000
latitude:            32.4600
longitude:         -115.1700
depth:               14.7000
Mrr:           -8.800000E+23
Mtt:           -6.690000E+24
Mpp:            7.570000E+24
Mrt:            9.500000E+23
Mrp:            5.000000E+23
Mtp:            3.490000E+24
