 PDE 2006 10 17 01 25 12.20   -5.8800  150.9800  32.0 6.7 6.9 NEW BRITAIN REGION, P.N.G.
event name:   C200610170125A
time shift:           6.8000
half duration:        5.4000
latitude:            -6.0900
longitude:          151.2600
depth:               31.5000
Mrr:            1.390000E+26
Mtt:           -5.420000E+25
Mpp:           -8.510000E+25
Mrt:           -2.300000E+24
Mrp:           -5.260000E+25
Mtp:           -4.470000E+25
