 PDE 2006 11 29 01 32 17.90    2.5200  128.2800  39.0 6.2 6.2 HALMAHERA, INDONESIA
event name:   C200611290132A
time shift:           3.2000
half duration:        3.2000
latitude:             2.7000
longitude:          128.3300
depth:               35.5000
Mrr:            7.400000E+24
Mtt:           -2.270000E+25
Mpp:            1.530000E+25
Mrt:           -2.300000E+24
Mrp:            1.970000E+25
Mtp:            6.800000E+23
