 PDE 2008 06 30 06 17 44.90  -58.2200  -22.1000  19.0 7.0 7.0 SOUTH SANDWICH ISLANDS REGION
event name:   C200806300617A
time shift:           6.7000
half duration:        7.4000
latitude:           -58.3300
longitude:          -21.7700
depth:               26.0000
Mrr:            6.100000E+24
Mtt:           -3.310000E+26
Mpp:            3.250000E+26
Mrt:           -3.930000E+25
Mrp:           -2.010000E+25
Mtp:            9.280000E+25
