 PDE 2009 05 16 00 53 52.70  -31.5200 -178.7900  54.6 6.5 6.5 KERMADEC ISLANDS REGION
event name:   C200905160053A
time shift:           5.0000
half duration:        4.4000
latitude:           -31.5600
longitude:         -178.1200
depth:               47.7000
Mrr:            6.100000E+25
Mtt:            2.030000E+24
Mpp:           -6.310000E+25
Mrt:            5.280000E+24
Mrp:            3.080000E+25
Mtp:           -1.990000E+25
