 PDE 2009 05 12 01 26 26.10   -5.6500  149.5400  84.0 6.1 6.1 NEW BRITAIN REGION, P.N.G.
event name:   C200905120126A
time shift:           5.6000
half duration:        2.7000
latitude:            -5.8300
longitude:          149.6200
depth:               90.8000
Mrr:            7.300000E+23
Mtt:            3.690000E+24
Mpp:           -4.410000E+24
Mrt:           -1.190000E+25
Mrp:           -1.170000E+25
Mtp:           -2.590000E+24
