 PDE 2009 09 24 07 16 19.80   18.8200 -107.3500  10.0 6.4 6.3 OFF COAST OF JALISCO, MEXICO
event name:   C200909240716A
time shift:           4.8000
half duration:        3.7000
latitude:            18.9000
longitude:         -107.5000
depth:               13.9000
Mrr:            4.980000E+24
Mtt:           -3.060000E+25
Mpp:            2.560000E+25
Mrt:           -1.190000E+24
Mrp:            2.480000E+24
Mtp:           -3.500000E+25
