 PDE 2008 06 01 14 31 03.00  -59.3800  149.6600  10.0 6.5 6.5 WEST OF MACQUARIE ISLAND
event name:   C200806011431A
time shift:           7.6000
half duration:        4.3000
latitude:           -59.8200
longitude:          149.9700
depth:               12.0000
Mrr:           -8.000000E+23
Mtt:            4.260000E+25
Mpp:           -4.180000E+25
Mrt:           -1.910000E+24
Mrp:            8.200000E+23
Mtp:           -5.420000E+25
