 PDE 2008 08 25 02 43 06.40   10.3100  125.2500  27.0 5.8 5.8 LEYTE, PHILIPPINES
event name:   C200808250243A
time shift:           1.9000
half duration:        2.0000
latitude:            10.3000
longitude:          125.2700
depth:               12.0000
Mrr:           -1.020000E+24
Mtt:            5.430000E+24
Mpp:           -4.410000E+24
Mrt:            6.700000E+22
Mrp:           -1.670000E+24
Mtp:           -4.990000E+24
