 PDE 2008 06 03 22 04 27.90   -8.1000  120.2300  14.0 6.0 6.0 FLORES REGION, INDONESIA
event name:   C200806032204A
time shift:           5.5000
half duration:        2.4000
latitude:            -8.0700
longitude:          120.2500
depth:               18.8000
Mrr:            8.670000E+24
Mtt:           -8.950000E+24
Mpp:            2.800000E+23
Mrt:           -8.460000E+24
Mrp:           -1.820000E+24
Mtp:           -1.100000E+24
