 PDE 2008 10 23 10 04 35.00   -2.6300  145.5700  10.0 6.3 6.3 ADMIRALTY ISLANDS REGION, P.N.G.
event name:   C200810231004A
time shift:           6.3000
half duration:        3.6000
latitude:            -2.4600
longitude:          145.7800
depth:               12.0000
Mrr:           -5.900000E+23
Mtt:           -2.100000E+25
Mpp:            2.160000E+25
Mrt:           -6.150000E+24
Mrp:            3.550000E+24
Mtp:            3.400000E+25
