 PDE 2007 02 12 10 35 21.20   35.8000  -10.3300  10.0 6.0 6.0 AZORES-CAPE ST. VINCENT RIDGE
event name:   C200702121035A
time shift:           7.0000
half duration:        2.4000
latitude:            35.9000
longitude:          -10.3700
depth:               44.9000
Mrr:            6.290000E+24
Mtt:           -1.120000E+25
Mpp:            4.880000E+24
Mrt:           -2.800000E+24
Mrp:           -5.220000E+24
Mtp:            3.400000E+23
