 PDE 2008 10 28 23 09 57.70   30.6400   67.3500  15.0 6.4 6.6 PAKISTAN
event name:   C200810282309A
time shift:           4.3000
half duration:        3.9000
latitude:            30.4000
longitude:           67.4800
depth:               17.2000
Mrr:            8.960000E+24
Mtt:           -5.010000E+25
Mpp:            4.110000E+25
Mrt:            4.240000E+24
Mrp:            1.380000E+25
Mtp:           -1.590000E+25
