 PDE 2005 04 16 16 38 03.90    1.8100   97.6600  31.0 6.3 6.2 NORTHERN SUMATRA, INDONESIA
event name:   C200504161638A
time shift:           3.9000
half duration:        4.4000
latitude:             1.6700
longitude:           97.4600
depth:               34.0000
Mrr:            2.000000E+25
Mtt:           -6.150000E+24
Mpp:           -1.380000E+25
Mrt:            3.110000E+25
Mrp:           -1.850000E+25
Mtp:            1.390000E+25
