 PDE 2008 06 29 20 53 01.00   45.1600  137.4200 287.3 6.0 6.0 PRIMOR'YE, RUSSIA
event name:   C200806292053A
time shift:           6.2000
half duration:        2.3000
latitude:            45.1200
longitude:          137.3700
depth:              328.3000
Mrr:           -1.820000E+24
Mtt:            3.890000E+24
Mpp:           -2.070000E+24
Mrt:            8.490000E+24
Mrp:           -4.200000E+23
Mtp:           -6.390000E+24
