 PDE 2008 11 19 06 11 20.80    8.2700  -82.9700  32.0 6.2 6.2 PANAMA-COSTA RICA BORDER REGION
event name:   C200811190611A
time shift:           4.8000
half duration:        3.3000
latitude:             8.2300
longitude:          -82.7700
depth:               42.1000
Mrr:           -8.140000E+24
Mtt:            1.290000E+25
Mpp:           -4.790000E+24
Mrt:            9.210000E+24
Mrp:           -1.220000E+25
Mtp:            2.340000E+25
