 PDE 2006 09 17 09 34 14.10  -31.7500  -67.1800 141.8 6.2 6.2 SAN JUAN PROVINCE, ARGENTINA
event name:   C200609170934A
time shift:           3.0000
half duration:        2.9000
latitude:           -31.9000
longitude:          -67.1500
depth:              146.1000
Mrr:           -7.600000E+24
Mtt:           -1.430000E+24
Mpp:            9.030000E+24
Mrt:           -1.010000E+25
Mrp:           -1.770000E+25
Mtp:           -2.030000E+24
