 PDE 2009 12 31 09 23 24.00  -59.4000 -150.9800  10.0 6.0 6.0 PACIFIC-ANTARCTIC RIDGE
event name:   C200912310923A
time shift:           6.1000
half duration:        2.4000
latitude:           -59.7800
longitude:         -150.9000
depth:               16.1000
Mrr:           -4.000000E+23
Mtt:            1.040000E+25
Mpp:           -1.000000E+25
Mrt:            2.000000E+22
Mrp:            1.690000E+24
Mtp:            5.540000E+24
