 PDE 2009 08 02 08 54 35.50   -0.4700  132.9000  35.0 6.0 6.1 IRIAN JAYA REGION, INDONESIA
event name:   C200908020854A
time shift:           1.8000
half duration:        2.6000
latitude:            -0.4200
longitude:          132.9200
depth:               28.3000
Mrr:            1.310000E+25
Mtt:           -1.180000E+25
Mpp:           -1.260000E+24
Mrt:           -2.100000E+24
Mrp:           -2.920000E+24
Mtp:            7.290000E+24
