 PDE 2007 04 02 05 33 35.10   -7.3600  155.3600  10.0 5.9 0.0 SOLOMON ISLANDS
event name:   C200704020533A
time shift:           4.4000
half duration:        2.3000
latitude:            -7.4700
longitude:          155.4800
depth:               16.8000
Mrr:           -1.060000E+25
Mtt:            8.840000E+24
Mpp:            1.750000E+24
Mrt:           -1.050000E+24
Mrp:            5.200000E+23
Mtp:           -1.440000E+24
