 PDE 2009 12 19 23 19 15.60  -10.1100   33.8200   6.0 6.0 6.0 MALAWI
event name:   C200912192319A
time shift:           4.8000
half duration:        2.3000
latitude:           -10.0200
longitude:           33.9300
depth:               12.0000
Mrr:           -1.040000E+25
Mtt:            1.830000E+24
Mpp:            8.590000E+24
Mrt:            1.280000E+24
Mrp:           -2.170000E+24
Mtp:           -4.370000E+24
