 PDE 2009 03 11 21 03 59.00    8.4900  -83.2100  17.0 5.9 5.9 COSTA RICA
event name:   C200903112103A
time shift:           4.9000
half duration:        2.1000
latitude:             8.5200
longitude:          -83.2200
depth:               22.2000
Mrr:            7.180000E+24
Mtt:           -3.810000E+24
Mpp:           -3.370000E+24
Mrt:           -2.260000E+24
Mrp:           -9.100000E+23
Mtp:            4.240000E+24
