 PDE 2008 11 14 02 05 09.90  -53.7900    8.7300  12.0 5.9 5.9 BOUVET ISLAND REGION
event name:   C200811140205A
time shift:           3.2000
half duration:        2.1000
latitude:           -53.7800
longitude:            9.0900
depth:               14.1000
Mrr:           -8.900000E+23
Mtt:            8.490000E+24
Mpp:           -7.600000E+24
Mrt:           -2.900000E+23
Mrp:            3.000000E+22
Mtp:            2.330000E+24
