 PDE 2007 03 25 00 41 57.80   37.3400  136.5900   8.0 6.7 6.8 NEAR WEST COAST OF HONSHU, JAPAN
event name:   C200703250041A
time shift:           5.6000
half duration:        5.3000
latitude:            37.2800
longitude:          136.6100
depth:               12.0000
Mrr:            1.010000E+26
Mtt:            1.860000E+25
Mpp:           -1.200000E+26
Mrt:            8.000000E+23
Mrp:           -3.000000E+25
Mtp:           -6.780000E+25
