 PDE 2007 04 03 03 35 07.30   36.4500   70.6900 222.1 6.2 6.2 HINDU KUSH REGION, AFGHANISTAN
event name:   C200704030335A
time shift:           3.5000
half duration:        3.2000
latitude:            36.5300
longitude:           70.6200
depth:              223.2000
Mrr:            1.710000E+25
Mtt:            4.770000E+24
Mpp:           -2.190000E+25
Mrt:            1.390000E+25
Mrp:           -1.660000E+25
Mtp:           -1.870000E+24
