 PDE 2008 06 13 23 43 45.40   39.0300  140.8800   7.8 6.9 7.0 EASTERN HONSHU, JAPAN
event name:   C200806132343A
time shift:           7.8000
half duration:        6.7000
latitude:            39.0300
longitude:          140.8500
depth:               12.0000
Mrr:            2.460000E+26
Mtt:           -9.800000E+24
Mpp:           -2.370000E+26
Mrt:           -1.600000E+25
Mrp:           -2.570000E+25
Mtp:           -8.780000E+25
