 PDE 2007 04 21 07 12 48.10   -3.5500  151.2700 407.4 6.1 6.1 NEW IRELAND REGION, P.N.G.
event name:   C200704210712A
time shift:           2.3000
half duration:        2.8000
latitude:            -3.4600
longitude:          151.4600
depth:              405.0000
Mrr:            8.080000E+24
Mtt:           -1.260000E+25
Mpp:            4.490000E+24
Mrt:            9.370000E+24
Mrp:           -7.900000E+24
Mtp:           -8.750000E+24
