 PDE 2005 06 04 14 50 48.80   -6.3400  146.8100  43.4 6.1 6.0 EASTERN NEW GUINEA REG., P.N.G.
event name:   C200506041450A
time shift:           1.8000
half duration:        3.1000
latitude:            -6.4500
longitude:          146.9600
depth:               28.0000
Mrr:           -3.110000E+24
Mtt:           -1.240000E+24
Mpp:            4.350000E+24
Mrt:            1.030000E+25
Mrp:           -1.390000E+25
Mtp:           -2.130000E+24
