 PDE 2005 08 06 09 56 13.50  -19.6100 -175.8500 205.4 6.0 0.0 TONGA ISLANDS
event name:   C200508060956A
time shift:           4.7000
half duration:        2.3000
latitude:           -19.6000
longitude:         -175.3500
depth:              217.7000
Mrr:           -3.860000E+24
Mtt:            3.110000E+24
Mpp:            7.500000E+23
Mrt:           -1.150000E+24
Mrp:           -8.300000E+24
Mtp:            5.940000E+24
