 PDE 2008 03 20 14 10 44.60    6.1800  126.9300  82.5 6.0 6.1 MINDANAO, PHILIPPINES
event name:   C200803201410A
time shift:           1.7000
half duration:        2.6000
latitude:             6.0700
longitude:          127.1200
depth:               64.0000
Mrr:            9.990000E+24
Mtt:            4.660000E+24
Mpp:           -1.460000E+25
Mrt:            4.900000E+23
Mrp:            7.620000E+24
Mtp:           -2.460000E+24
