 PDE 2008 07 19 11 01 17.70  -11.0700  164.6200  10.0 6.2 6.2 SANTA CRUZ ISLANDS REGION
event name:   C200807191101A
time shift:           6.0000
half duration:        3.0000
latitude:           -11.1800
longitude:          164.4500
depth:               12.0000
Mrr:           -2.260000E+25
Mtt:            1.060000E+25
Mpp:            1.210000E+25
Mrt:           -5.450000E+24
Mrp:            5.050000E+24
Mtp:            1.120000E+25
