 PDE 2005 05 05 19 12 20.20    5.7200  -82.8400  10.0 6.5 5.8 SOUTH OF PANAMA
event name:   C200505051912A
time shift:          15.4000
half duration:        4.2000
latitude:             5.3400
longitude:          -82.4800
depth:               24.0000
Mrr:           -2.690000E+24
Mtt:            1.860000E+25
Mpp:           -1.590000E+25
Mrt:            5.300000E+24
Mrp:            1.200000E+24
Mtp:            6.080000E+25
