 PDE 2009 12 17 20 01 21.60   51.4000  179.9600  35.0 5.8 5.8 RAT ISLANDS, ALEUTIAN ISLANDS
event name:   C200912172001A
time shift:           2.8000
half duration:        2.0000
latitude:            51.2800
longitude:         -179.8700
depth:               44.5000
Mrr:            5.390000E+24
Mtt:           -4.890000E+24
Mpp:           -4.960000E+23
Mrt:            2.580000E+24
Mrp:            2.190000E+24
Mtp:           -2.360000E+24
