 PDE 2008 01 22 17 14 58.00    1.0100   97.4400  20.0 6.2 6.2 NORTHERN SUMATRA, INDONESIA
event name:   C200801221714A
time shift:           3.8000
half duration:        3.1000
latitude:             0.8700
longitude:           97.1800
depth:               23.0000
Mrr:            1.380000E+25
Mtt:           -4.320000E+24
Mpp:           -9.470000E+24
Mrt:            1.420000E+25
Mrp:           -1.530000E+25
Mtp:            6.970000E+24
