 PDE 2007 09 13 02 30 03.30   -1.6900   99.6700  28.9 6.5 0.0 SOUTHERN SUMATRA, INDONESIA
event name:   C200709130230A
time shift:           1.5000
half duration:        4.5000
latitude:            -1.9400
longitude:           99.5400
depth:               34.8000
Mrr:            8.450000E+25
Mtt:           -5.920000E+25
Mpp:           -2.530000E+25
Mrt:            2.220000E+25
Mrp:           -2.310000E+25
Mtp:            1.540000E+25
