 PDE 2006 10 13 13 47 39.90   46.2500  153.2800   8.0 5.8 6.3 KURIL ISLANDS
event name:   C200610131347A
time shift:           4.1000
half duration:        2.0000
latitude:            46.1400
longitude:          153.7300
depth:               12.0000
Mrr:            5.520000E+24
Mtt:           -2.390000E+24
Mpp:           -3.130000E+24
Mrt:            2.180000E+24
Mrp:            3.730000E+24
Mtp:           -3.050000E+24
