 PDE 2009 11 05 09 43 20.70  -52.2900  160.7000  10.0 6.0 6.0 MACQUARIE ISLAND REGION
event name:   C200911050943A
time shift:           4.4000
half duration:        2.4000
latitude:           -52.2300
longitude:          160.3100
depth:               23.9000
Mrr:            9.500000E+23
Mtt:            9.480000E+24
Mpp:           -1.040000E+25
Mrt:           -2.840000E+24
Mrp:            1.090000E+24
Mtp:            6.200000E+24
