 PDE 2006 11 16 20 29 55.00  -52.0000  139.4700  10.0 6.1 6.1 WEST OF MACQUARIE ISLAND
event name:   C200611162029A
time shift:           3.0000
half duration:        2.6000
latitude:           -52.0400
longitude:          139.6300
depth:               12.0000
Mrr:           -1.480000E+24
Mtt:            1.590000E+24
Mpp:           -1.100000E+23
Mrt:            1.310000E+24
Mrp:            7.700000E+23
Mtp:           -1.540000E+25
