 PDE 2007 04 04 11 00 27.40  -20.7100  168.8300  10.0 6.2 6.4 LOYALTY ISLANDS
event name:   C200704041100A
time shift:           5.6000
half duration:        3.1000
latitude:           -20.7100
longitude:          168.6800
depth:               20.2000
Mrr:           -2.330000E+25
Mtt:            3.270000E+24
Mpp:            2.010000E+25
Mrt:           -1.250000E+24
Mrp:            1.130000E+25
Mtp:           -4.230000E+24
