 PDE 2008 05 25 19 18 24.40   55.9100 -153.5100  20.0 5.9 6.0 SOUTH OF ALASKA
event name:   C200805251918A
time shift:           4.5000
half duration:        2.1000
latitude:            55.5900
longitude:         -153.2700
depth:               14.8000
Mrr:            3.740000E+24
Mtt:           -2.660000E+24
Mpp:           -1.080000E+24
Mrt:            6.440000E+24
Mrp:            3.780000E+24
Mtp:           -2.190000E+24
