 PDE 2009 08 03 18 40 50.10   29.3100 -113.7300  10.0 6.2 6.2 GULF OF CALIFORNIA
event name:   C200908031840A
time shift:           5.1000
half duration:        3.2000
latitude:            29.4300
longitude:         -113.7500
depth:               18.9000
Mrr:           -4.020000E+24
Mtt:           -2.660000E+25
Mpp:            3.060000E+25
Mrt:           -2.590000E+24
Mrp:           -4.450000E+24
Mtp:           -3.360000E+24
