 PDE 2009 04 18 19 17 58.90   46.0100  151.4300  35.0 6.6 6.6 KURIL ISLANDS
event name:   C200904181917A
time shift:           7.1000
half duration:        4.9000
latitude:            45.9600
longitude:          151.7400
depth:               50.4000
Mrr:            8.590000E+25
Mtt:           -3.370000E+25
Mpp:           -5.220000E+25
Mrt:            1.310000E+25
Mrp:            4.620000E+25
Mtp:           -4.740000E+25
