 PDE 2008 01 22 07 55 48.90  -15.2800 -175.3500   6.0 6.0 6.0 TONGA ISLANDS
event name:   C200801220755A
time shift:           5.0000
half duration:        2.5000
latitude:           -15.2500
longitude:         -175.1700
depth:               14.6000
Mrr:            8.000000E+22
Mtt:            4.750000E+24
Mpp:           -4.830000E+24
Mrt:            4.800000E+23
Mrp:            7.400000E+23
Mtp:            1.280000E+25
