 PDE 2007 03 24 17 29 30.00  -53.8100  140.7900  10.0 5.8 5.8 WEST OF MACQUARIE ISLAND
event name:   C200703241729A
time shift:           3.8000
half duration:        1.9000
latitude:           -53.8500
longitude:          140.7400
depth:               12.0000
Mrr:           -1.910000E+23
Mtt:            5.750000E+23
Mpp:           -3.840000E+23
Mrt:           -1.500000E+22
Mrp:            3.390000E+23
Mtp:           -6.220000E+24
