 PDE 2005 09 25 12 55 46.60  -17.5100  167.8000  30.0 6.1 5.9 VANUATU ISLANDS
event name:   C200509251255A
time shift:           5.6000
half duration:        2.9000
latitude:           -17.4200
longitude:          167.6900
depth:               28.0000
Mrr:            1.590000E+25
Mtt:            1.060000E+24
Mpp:           -1.700000E+25
Mrt:            2.840000E+24
Mrp:           -1.120000E+25
Mtp:            2.420000E+24
