 PDE 2007 06 28 02 52 09.60   -7.9700  154.6300  10.0 6.7 6.7 SOLOMON ISLANDS
event name:   C200706280252A
time shift:           5.9000
half duration:        5.3000
latitude:            -7.9500
longitude:          154.7000
depth:               18.0000
Mrr:           -1.400000E+24
Mtt:            1.140000E+26
Mpp:           -1.130000E+26
Mrt:            5.380000E+25
Mrp:           -3.860000E+25
Mtp:            1.590000E+25
