 PDE 2008 02 24 14 46 21.50   -2.4000   99.9300  22.0 6.5 6.4 SOUTHERN SUMATRA, INDONESIA
event name:   C200802241446A
time shift:           4.9000
half duration:        3.8000
latitude:            -2.6300
longitude:           99.7300
depth:               15.0000
Mrr:            1.280000E+25
Mtt:           -7.100000E+24
Mpp:           -5.720000E+24
Mrt:            5.540000E+25
Mrp:           -3.860000E+25
Mtp:            8.020000E+24
