 PDE 2008 04 11 16 35 57.50  -20.4200  168.8000  35.0 5.9 5.9 LOYALTY ISLANDS
event name:   C200804111636A
time shift:           3.7000
half duration:        2.2000
latitude:           -20.2800
longitude:          168.8100
depth:               15.1000
Mrr:           -6.550000E+24
Mtt:           -1.480000E+24
Mpp:            8.030000E+24
Mrt:           -3.000000E+23
Mrp:            3.530000E+24
Mtp:           -3.680000E+24
