 PDE 2007 08 05 09 28 40.40  -19.1500  168.7200  45.1 5.9 6.0 VANUATU ISLANDS
event name:   C200708050928A
time shift:           5.5000
half duration:        2.2000
latitude:           -19.1800
longitude:          168.4400
depth:               50.1000
Mrr:            9.260000E+24
Mtt:           -1.400000E+23
Mpp:           -9.120000E+24
Mrt:           -3.100000E+23
Mrp:           -1.700000E+23
Mtp:            3.170000E+24
