 PDE 2007 03 06 05 49 26.90   -0.4800  100.5500  20.0 6.3 6.3 SOUTHERN SUMATRA, INDONESIA
event name:   C200703060549A
time shift:           3.0000
half duration:        3.4000
latitude:            -0.5100
longitude:          100.4700
depth:               21.9000
Mrr:           -7.200000E+23
Mtt:           -2.880000E+25
Mpp:            2.950000E+25
Mrt:           -4.830000E+24
Mrp:           -3.540000E+24
Mtp:            1.570000E+25
