 PDE 2005 02 05 03 34 25.70   16.0100  145.8700 142.7 6.6 0.0 MARIANA ISLANDS
event name:   C200502050334A
time shift:           6.3000
half duration:        4.8000
latitude:            15.8800
longitude:          146.1900
depth:              132.0000
Mrr:           -5.480000E+25
Mtt:            6.340000E+25
Mpp:           -8.600000E+24
Mrt:           -5.200000E+24
Mrp:            4.980000E+25
Mtp:           -5.220000E+25
