 PDE 2008 01 15 17 52 15.70  -21.9800 -179.5400 597.6 6.5 6.5 FIJI ISLANDS REGION
event name:   C200801151752A
time shift:           4.9000
half duration:        4.4000
latitude:           -22.0500
longitude:         -179.3400
depth:              603.3000
Mrr:            9.480000E+24
Mtt:           -2.020000E+25
Mpp:            1.070000E+25
Mrt:           -2.660000E+25
Mrp:           -6.290000E+25
Mtp:           -1.920000E+25
