 PDE 2005 03 29 05 16 29.90    2.6500   96.5800  30.0 5.9 5.9 NORTHERN SUMATRA, INDONESIA
event name:   C200503290516A
time shift:           1.1000
half duration:        2.1000
latitude:             2.3900
longitude:           96.3900
depth:               30.0000
Mrr:            4.360000E+24
Mtt:           -3.830000E+24
Mpp:           -5.300000E+23
Mrt:            6.280000E+24
Mrp:           -2.570000E+24
Mtp:            2.250000E+24
