 PDE 2009 10 01 01 52 27.30   -2.5200  101.5000   9.7 6.6 6.7 SOUTHERN SUMATRA, INDONESIA
event name:   C200910010152A
time shift:           7.5000
half duration:        4.8000
latitude:            -2.4500
longitude:          101.5900
depth:               15.1000
Mrr:           -8.000000E+23
Mtt:           -8.800000E+25
Mpp:            8.880000E+25
Mrt:            2.970000E+25
Mrp:            1.670000E+25
Mtp:            2.460000E+25
