 PDE 2005 07 26 14 11 36.40  -15.3500  -72.9600 110.5 5.9 0.0 SOUTHERN PERU
event name:   C200507261411A
time shift:           1.1000
half duration:        2.2000
latitude:           -15.4100
longitude:          -73.1500
depth:              107.6000
Mrr:           -7.920000E+24
Mtt:            3.170000E+24
Mpp:            4.760000E+24
Mrt:            1.820000E+24
Mrp:           -1.070000E+24
Mtp:           -4.830000E+24
