 PDE 2005 01 25 16 44 16.10   37.6200   43.7000  41.2 5.8 5.6 TURKEY
event name:   C200501251644A
time shift:           2.0000
half duration:        2.1000
latitude:            37.7200
longitude:           43.7200
depth:               13.2000
Mrr:            1.870000E+23
Mtt:           -6.310000E+24
Mpp:            6.120000E+24
Mrt:            2.290000E+24
Mrp:            6.840000E+23
Mtp:           -3.520000E+24
