 PDE 2007 12 20 07 55 15.80  -39.0100  178.2900  20.0 6.6 6.6 OFF E. COAST OF N. ISLAND, N.Z.
event name:   C200712200755A
time shift:           7.1000
half duration:        4.7000
latitude:           -38.9200
longitude:          178.4000
depth:               30.4000
Mrr:           -7.580000E+25
Mtt:            5.680000E+25
Mpp:            1.900000E+25
Mrt:           -6.400000E+24
Mrp:            2.120000E+25
Mtp:            5.620000E+25
