 PDE 2007 07 27 14 46 26.90  -21.4600  170.9400  10.0 6.1 6.1 SOUTHEAST OF LOYALTY ISLANDS
event name:   C200707271446A
time shift:           4.4000
half duration:        2.8000
latitude:           -21.5400
longitude:          171.0900
depth:               12.4000
Mrr:           -1.830000E+24
Mtt:           -1.500000E+25
Mpp:            1.680000E+25
Mrt:           -3.970000E+24
Mrp:            1.730000E+24
Mtp:            9.640000E+24
