 PDE 2009 10 02 01 07 39.30  -16.3300 -173.4700   8.0 6.1 6.1 TONGA ISLANDS
event name:   C200910020107A
time shift:           8.9000
half duration:        2.8000
latitude:           -16.4500
longitude:         -173.0600
depth:               12.0000
Mrr:           -1.350000E+25
Mtt:            8.900000E+24
Mpp:            4.650000E+24
Mrt:            2.900000E+24
Mrp:            3.280000E+24
Mtp:           -1.380000E+25
