 PDE 2008 11 10 01 22 02.60   37.5600   95.8300  19.0 6.3 6.4 QINGHAI, CHINA
event name:   C200811100122A
time shift:           7.6000
half duration:        3.6000
latitude:            37.5100
longitude:           95.7500
depth:               27.2000
Mrr:            2.510000E+25
Mtt:           -3.480000E+25
Mpp:            9.740000E+24
Mrt:            2.490000E+25
Mrp:           -9.930000E+24
Mtp:            2.010000E+24
