 PDE 2005 04 21 09 26 00.40   51.3100 -178.4100  45.3 5.9 5.5 ANDREANOF ISLANDS, ALEUTIAN IS.
event name:   C200504210926A
time shift:           1.5000
half duration:        2.2000
latitude:            51.0800
longitude:         -178.3000
depth:               27.0000
Mrr:            4.840000E+24
Mtt:           -5.740000E+24
Mpp:            9.100000E+23
Mrt:            5.040000E+24
Mrp:            5.570000E+24
Mtp:           -2.200000E+24
