 PDE 2006 11 13 01 26 34.20  -26.0400  -63.2200 551.8 6.8 6.8 SANTIAGO DEL ESTERO PROV., ARG.
event name:   C200611130126A
time shift:          10.9000
half duration:        6.4000
latitude:           -26.1000
longitude:          -63.4700
depth:              573.4000
Mrr:           -4.130000E+25
Mtt:           -2.220000E+25
Mpp:            6.350000E+25
Mrt:           -7.390000E+25
Mrp:            2.060000E+26
Mtp:           -3.310000E+25
