 PDE 2006 06 02 07 31 36.50  -20.8400 -178.7000 591.6 6.0 6.0 FIJI ISLANDS REGION
event name:   C200606020731A
time shift:           1.5000
half duration:        2.4000
latitude:           -20.7700
longitude:         -178.5400
depth:              584.6000
Mrr:           -4.610000E+24
Mtt:            2.510000E+24
Mpp:            2.100000E+24
Mrt:           -4.230000E+24
Mrp:           -1.030000E+25
Mtp:           -4.530000E+24
