 PDE 2007 10 02 18 00 06.90   54.5100 -161.7100  32.0 6.3 6.3 ALASKA PENINSULA
event name:   C200710021800A
time shift:           3.6000
half duration:        3.6000
latitude:            54.1800
longitude:         -161.4600
depth:               40.5000
Mrr:            2.760000E+25
Mtt:           -2.650000E+25
Mpp:           -1.110000E+24
Mrt:            2.660000E+25
Mrp:            7.490000E+24
Mtp:           -1.040000E+25
