 PDE 2006 07 19 18 08 57.90   -5.3300  150.6900  10.0 5.9 5.9 NEW BRITAIN REGION, P.N.G.
event name:   C200607191809A
time shift:           4.1000
half duration:        2.2000
latitude:            -5.3600
longitude:          150.6600
depth:               15.4000
Mrr:           -1.140000E+24
Mtt:            9.480000E+24
Mpp:           -8.350000E+24
Mrt:            7.900000E+23
Mrp:           -1.240000E+24
Mtp:           -4.900000E+23
