 PDE 2006 03 03 23 36 28.00  -55.6900   -4.2300  10.0 6.0 5.4 SOUTHERN MID-ATLANTIC RIDGE
event name:   C200603032336A
time shift:           8.1000
half duration:        2.3000
latitude:           -55.9200
longitude:           -3.9400
depth:               16.3000
Mrr:           -1.400000E+23
Mtt:           -2.600000E+24
Mpp:            2.740000E+24
Mrt:            2.120000E+24
Mrp:            3.700000E+23
Mtp:            1.010000E+25
