 PDE 2008 06 22 23 56 30.00   67.7000  141.2800  18.0 6.1 6.1 EASTERN SIBERIA, RUSSIA
event name:   C200806222356A
time shift:           9.0000
half duration:        2.8000
latitude:            67.7100
longitude:          141.4300
depth:               21.5000
Mrr:            1.150000E+25
Mtt:           -7.100000E+24
Mpp:           -4.360000E+24
Mrt:            6.030000E+24
Mrp:            6.080000E+24
Mtp:            1.430000E+25
