 PDE 2005 08 24 10 15 28.20   38.5600  142.9900  10.0 5.9 5.6 NEAR EAST COAST OF HONSHU, JAPAN
event name:   C200508241015A
time shift:           6.1000
half duration:        2.1000
latitude:            38.5500
longitude:          143.3400
depth:               12.0000
Mrr:            4.250000E+24
Mtt:           -7.800000E+23
Mpp:           -3.470000E+24
Mrt:            3.850000E+24
Mrp:            5.690000E+24
Mtp:           -3.400000E+24
