 PDE 2007 09 19 07 27 50.70   -2.7500  100.8900  35.0 6.0 6.0 SOUTHERN SUMATRA, INDONESIA
event name:   C200709190727A
time shift:           3.8000
half duration:        2.4000
latitude:            -3.0200
longitude:          100.6000
depth:               46.4000
Mrr:            8.070000E+24
Mtt:           -3.800000E+24
Mpp:           -4.260000E+24
Mrt:            6.480000E+24
Mrp:           -3.730000E+24
Mtp:            5.480000E+24
