 PDE 2009 10 07 22 50 15.80  -12.3900  166.0900  21.0 6.8 0.0 SANTA CRUZ ISLANDS
event name:   C200910072250A
time shift:          11.2000
half duration:        6.1000
latitude:           -12.5900
longitude:          165.8900
depth:               17.8000
Mrr:            1.720000E+26
Mtt:           -2.650000E+25
Mpp:           -1.460000E+26
Mrt:            2.520000E+25
Mrp:           -1.130000E+26
Mtp:            3.460000E+25
