 PDE 2011 03 29 10 54 33.20   37.4000  142.2900  15.0 6.2 6.1 OFF EAST COAST OF HONSHU, JAPAN
event name:   C201103291054A
time shift:           2.8000
half duration:        3.1000
latitude:            37.4700
longitude:          142.3700
depth:               18.0000
Mrr:           -1.640000E+25
Mtt:            1.300000E+24
Mpp:            1.510000E+25
Mrt:            1.550000E+25
Mrp:            8.970000E+24
Mtp:            7.690000E+24
