 PDE 2017 04 24 21 38 30.80  -33.0400  -72.0700  28.0 6.9 6.9 OFF COAST OF CENTRAL CHILE
event name:   C201704242138A
time shift:           6.6000
half duration:        6.1000
latitude:           -33.1300
longitude:          -72.0700
depth:               26.0000
Mrr:            1.300000E+26
Mtt:            3.900000E+24
Mpp:           -1.330000E+26
Mrt:            5.600000E+24
Mrp:           -2.030000E+26
Mtp:           -2.200000E+24
