 PDE 2011 03 22 13 31 28.50  -33.1000  -15.9800  10.0 5.9 5.9 SOUTHERN MID-ATLANTIC RIDGE
event name:   C201103221331A
time shift:           5.1000
half duration:        2.2000
latitude:           -33.1100
longitude:          -15.7400
depth:               12.0000
Mrr:            9.320000E+24
Mtt:           -7.100000E+24
Mpp:           -2.220000E+24
Mrt:           -2.180000E+24
Mrp:           -9.300000E+23
Mtp:           -2.900000E+24
