 PDE 2013 06 15 17 34 27.80   11.7600  -86.9300  30.0 6.4 6.5 NEAR COAST OF NICARAGUA
event name:   C201306151734A
time shift:           8.0000
half duration:        4.0000
latitude:            11.6200
longitude:          -87.3000
depth:               39.4000
Mrr:            4.870000E+25
Mtt:           -3.630000E+25
Mpp:           -1.250000E+25
Mrt:            1.880000E+25
Mrp:           -1.340000E+25
Mtp:            2.630000E+25
