 PDE 2017 11 01 00 09 30.10  -21.7300  168.9300  11.0 6.0 6.1 LOYALTY ISLANDS
event name:   C201711010009A
time shift:           7.2000
half duration:        2.5000
latitude:           -21.7200
longitude:          168.9000
depth:               12.0000
Mrr:           -1.190000E+25
Mtt:            4.920000E+24
Mpp:            6.940000E+24
Mrt:           -3.770000E+24
Mrp:            3.960000E+24
Mtp:           -6.410000E+24
