 PDE 2018 10 16 01 03 43.60  -21.7400  169.5200  17.0 6.7 6.5 SOUTHEAST OF LOYALTY ISLANDS
event name:   C201810160103A
time shift:           6.7000
half duration:        4.4000
latitude:           -21.7400
longitude:          169.5200
depth:               15.1000
Mrr:            1.290000E+25
Mtt:           -4.000000E+23
Mpp:           -1.240000E+25
Mrt:            8.750000E+25
Mrp:           -7.960000E+25
Mtp:            1.610000E+25
