 PDE 2013 10 06 21 33 19.80  -36.7300  -97.4800  10.3 6.2 6.2 WEST CHILE RISE
event name:   C201310062133A
time shift:          11.5000
half duration:        3.1000
latitude:           -36.4100
longitude:          -98.1800
depth:               24.7000
Mrr:           -7.700000E+23
Mtt:           -1.720000E+24
Mpp:            2.490000E+24
Mrt:            3.950000E+24
Mrp:           -4.720000E+24
Mtp:           -2.450000E+25
