 PDE 2019 12 02 05 01 54.80   51.1900 -178.1000  28.0 6.1 6.0 ANDREANOF ISLANDS, ALEUTIAN IS.
event name:   C201912020501A
time shift:           2.9000
half duration:        2.8000
latitude:            51.1800
longitude:         -178.0700
depth:               30.0000
Mrr:            1.260000E+25
Mtt:           -1.180000E+25
Mpp:           -8.500000E+23
Mrt:            8.920000E+24
Mrp:            8.310000E+24
Mtp:           -5.890000E+24
