 PDE 2019 01 08 12 39 31.00   30.5900  131.0400  35.0 6.4 6.3 KYUSHU, JAPAN
event name:   C201901081239A
time shift:           5.1000
half duration:        3.8000
latitude:            30.4600
longitude:          131.3100
depth:               28.5000
Mrr:            3.370000E+25
Mtt:           -1.160000E+25
Mpp:           -2.210000E+25
Mrt:            2.820000E+25
Mrp:            1.880000E+25
Mtp:           -1.580000E+25
