 PDE 2012 04 16 11 23 40.80   36.5600   21.3700   0.0 5.8 5.8 SOUTHERN GREECE
event name:   C201204161123A
time shift:           5.3000
half duration:        2.0000
latitude:            36.4000
longitude:           21.4100
depth:               25.2000
Mrr:            2.050000E+24
Mtt:           -7.480000E+23
Mpp:           -1.300000E+24
Mrt:            5.330000E+24
Mrp:           -3.650000E+24
Mtp:            1.510000E+24
