 PDE 2016 01 01 02 00 40.00  -50.5600  139.4500  10.0 6.3 6.3 WESTERN INDIAN-ANTARCTIC RIDGE
event name:   C201601010200A
time shift:           3.5000
half duration:        3.6000
latitude:           -50.6500
longitude:          139.4500
depth:               12.0000
Mrr:           -3.330000E+24
Mtt:            4.830000E+24
Mpp:           -1.500000E+24
Mrt:            1.360000E+24
Mrp:           -2.150000E+24
Mtp:           -4.070000E+25
