 PDE 2016 07 04 09 25 39.50  -10.6300  164.9700  44.0 5.8 5.9 SANTA CRUZ ISLANDS REGION
event name:   C201607040925A
time shift:           4.0000
half duration:        2.1000
latitude:           -10.5500
longitude:          164.7800
depth:               58.8000
Mrr:            9.600000E+23
Mtt:            6.620000E+24
Mpp:           -7.580000E+24
Mrt:            1.400000E+23
Mrp:           -1.600000E+24
Mtp:            1.990000E+24
