 PDE 2010 10 16 15 44 30.50   -7.3700  125.7000   8.0 5.9 5.9 BANDA SEA
event name:   C201010161544A
time shift:           4.6000
half duration:        2.2000
latitude:            -7.3100
longitude:          125.7300
depth:               12.2000
Mrr:            8.690000E+24
Mtt:           -9.430000E+24
Mpp:            7.500000E+23
Mrt:           -6.500000E+23
Mrp:            3.200000E+23
Mtp:            9.300000E+23
