 PDE 2014 06 24 03 15 35.50   52.2000  176.7000   4.0 6.4 6.3 RAT ISLANDS, ALEUTIAN ISLANDS
event name:   C201406240315A
time shift:           7.3000
half duration:        3.7000
latitude:            52.2800
longitude:          176.7000
depth:               12.0000
Mrr:           -1.380000E+25
Mtt:           -4.450000E+24
Mpp:            1.830000E+25
Mrt:           -2.620000E+24
Mrp:            2.180000E+24
Mtp:           -4.220000E+25
