 PDE 2010 05 27 20 48 00.40  -13.6600  166.7400  35.0 6.1 0.0 VANUATU ISLANDS
event name:   C201005272048A
time shift:           4.2000
half duration:        2.7000
latitude:           -13.8800
longitude:          166.7800
depth:               42.6000
Mrr:            2.130000E+25
Mtt:           -6.920000E+24
Mpp:           -1.440000E+25
Mrt:            3.420000E+24
Mrp:           -3.600000E+23
Mtp:            3.800000E+23
