 PDE 2013 02 01 22 16 34.20  -10.9000  165.3800  10.0 6.4 6.3 SANTA CRUZ ISLANDS
event name:   C201302012216A
time shift:          10.2000
half duration:        3.9000
latitude:           -11.1500
longitude:          165.2300
depth:               13.0000
Mrr:            2.650000E+25
Mtt:           -7.890000E+24
Mpp:           -1.860000E+25
Mrt:            2.400000E+25
Mrp:           -3.350000E+25
Mtp:            1.350000E+25
