 PDE 2014 07 03 19 50 07.30  -30.4500 -176.4500  35.0 6.3 6.3 KERMADEC ISLANDS REGION
event name:   C201407031950A
time shift:           3.4000
half duration:        3.6000
latitude:           -30.3500
longitude:         -176.3000
depth:               49.1000
Mrr:            2.900000E+25
Mtt:           -2.390000E+25
Mpp:           -5.060000E+24
Mrt:           -5.010000E+24
Mrp:           -1.820000E+25
Mtp:           -2.570000E+25
