 PDE 2011 08 11 18 22 04.90   37.0300  140.8900  44.0 5.9 5.9 EASTERN HONSHU, JAPAN
event name:   C201108111822A
time shift:           2.3000
half duration:        2.2000
latitude:            37.0200
longitude:          141.2500
depth:               50.2000
Mrr:            6.590000E+24
Mtt:           -1.010000E+24
Mpp:           -5.580000E+24
Mrt:            3.670000E+24
Mrp:            4.310000E+24
Mtp:           -2.660000E+24
