 PDE 2011 03 19 09 56 47.80   36.7900  140.2900   6.0 5.8 5.8 NEAR EAST COAST OF HONSHU, JAPAN
event name:   C201103190956A
time shift:           3.8000
half duration:        2.0000
latitude:            36.8600
longitude:          140.4800
depth:               12.0000
Mrr:           -6.880000E+24
Mtt:            3.010000E+24
Mpp:            3.870000E+24
Mrt:            1.330000E+24
Mrp:            2.140000E+24
Mtp:           -2.710000E+24
