 PDE 2010 12 08 05 24 35.30  -56.4100  -25.7400  29.4 6.3 6.3 SOUTH SANDWICH ISLANDS REGION
event name:   C201012080524A
time shift:           6.2000
half duration:        3.4000
latitude:           -56.4900
longitude:          -25.4800
depth:               18.3000
Mrr:            2.650000E+25
Mtt:           -2.000000E+24
Mpp:           -2.440000E+25
Mrt:           -5.230000E+24
Mrp:            1.650000E+25
Mtp:            1.290000E+25
