 PDE 2012 02 13 10 55 09.40    9.1800  -84.1200  16.0 5.9 5.9 COSTA RICA
event name:   C201202131055A
time shift:           4.7000
half duration:        2.1000
latitude:             9.0100
longitude:          -84.1400
depth:               22.5000
Mrr:            6.450000E+24
Mtt:           -5.540000E+24
Mpp:           -9.100000E+23
Mrt:            4.030000E+24
Mrp:           -2.370000E+24
Mtp:            3.000000E+24
