 PDE 2018 12 21 06 33 52.30   -5.4800  151.9600  10.0 6.0 5.9 NEW BRITAIN REGION, P.N.G.
event name:   C201812210633A
time shift:          10.6000
half duration:        2.4000
latitude:            -5.7500
longitude:          151.9900
depth:               23.1000
Mrr:            8.870000E+24
Mtt:           -8.690000E+24
Mpp:           -1.900000E+23
Mrt:            6.720000E+24
Mrp:            1.300000E+23
Mtp:           -2.620000E+24
