 PDE 2012 04 12 07 06 00.60   28.8400 -113.0300   9.0 6.1 6.0 BAJA CALIFORNIA, MEXICO
event name:   C201204120706A
time shift:           5.2000
half duration:        2.7000
latitude:            28.9000
longitude:         -113.0900
depth:               15.9000
Mrr:           -2.810000E+24
Mtt:           -1.300000E+25
Mpp:            1.580000E+25
Mrt:           -4.710000E+24
Mrp:           -6.550000E+24
Mtp:           -4.500000E+23
