 PDE 2017 07 20 22 31 11.20   36.9200   27.4100   7.0 6.6 6.6 DODECANESE ISLANDS, GREECE
event name:   C201707202231A
time shift:           5.2000
half duration:        5.1000
latitude:            36.7900
longitude:           27.5600
depth:               12.0000
Mrr:           -1.060000E+26
Mtt:            1.130000E+26
Mpp:           -7.900000E+24
Mrt:           -3.850000E+25
Mrp:           -7.600000E+24
Mtp:           -5.900000E+24
