 PDE 2012 07 03 10 36 15.50  -40.0200  173.7600 229.8 6.3 6.3 COOK STRAIT, NEW ZEALAND
event name:   C201207031036A
time shift:           4.4000
half duration:        3.5000
latitude:           -40.0500
longitude:          173.6300
depth:              230.4000
Mrr:            3.650000E+24
Mtt:            8.810000E+24
Mpp:           -1.250000E+25
Mrt:            2.800000E+25
Mrp:           -2.070000E+25
Mtp:            3.100000E+24
