 PDE 2016 05 18 16 46 43.90    0.5000  -79.6200  30.0 6.9 6.9 NEAR COAST OF ECUADOR
event name:   C201605181646A
time shift:           5.3000
half duration:        6.6000
latitude:             0.3000
longitude:          -80.0200
depth:               33.6000
Mrr:            1.390000E+26
Mtt:            9.900000E+24
Mpp:           -1.480000E+26
Mrt:            3.720000E+25
Mrp:           -2.020000E+26
Mtp:           -3.180000E+25
