 PDE 2012 02 10 01 47 34.20  -17.9700 -178.5500 582.3 5.9 6.0 FIJI ISLANDS REGION
event name:   C201202100147A
time shift:           4.0000
half duration:        2.3000
latitude:           -17.9800
longitude:         -178.4200
depth:              598.0000
Mrr:           -7.000000E+23
Mtt:            5.850000E+24
Mpp:           -5.150000E+24
Mrt:            3.330000E+24
Mrp:           -6.880000E+24
Mtp:           -4.160000E+24
