 PDE 2019 12 15 06 11 51.20    6.7000  125.1700  18.0 6.7 6.8 MINDANAO, PHILIPPINES
event name:   C201912150611A
time shift:           5.9000
half duration:        5.7000
latitude:             6.7200
longitude:          125.1400
depth:               12.0000
Mrr:           -1.800000E+24
Mtt:            1.480000E+26
Mpp:           -1.460000E+26
Mrt:           -6.650000E+25
Mrp:           -2.200000E+24
Mtp:           -1.320000E+25
