 PDE 2013 04 22 01 16 32.80   18.0800 -102.1800  30.0 6.1 6.0 MICHOACAN, MEXICO
event name:   C201304220116A
time shift:           2.5000
half duration:        2.7000
latitude:            18.0500
longitude:         -102.1900
depth:               26.6000
Mrr:            1.280000E+25
Mtt:           -1.010000E+25
Mpp:           -2.650000E+24
Mrt:           -6.890000E+24
Mrp:            6.360000E+24
Mtp:            7.290000E+24
