 PDE 2016 04 01 19 24 55.40   -3.3600  144.8900   6.0 6.2 6.2 NEAR N COAST OF NEW GUINEA, PNG.
event name:   C201604011924A
time shift:           9.0000
half duration:        3.0000
latitude:            -3.3500
longitude:          144.9200
depth:               12.0000
Mrr:            3.800000E+23
Mtt:           -2.030000E+24
Mpp:            1.660000E+24
Mrt:            1.500000E+23
Mrp:            2.700000E+23
Mtp:            2.210000E+25
