 PDE 2014 06 29 15 52 23.00  -14.7800 -175.2600   9.0 6.4 6.4 SAMOA ISLANDS REGION
event name:   C201406291552A
time shift:           9.5000
half duration:        4.0000
latitude:           -14.7500
longitude:         -175.4400
depth:               12.0000
Mrr:           -6.860000E+24
Mtt:            3.440000E+25
Mpp:           -2.750000E+25
Mrt:            2.150000E+24
Mrp:            9.100000E+23
Mtp:            4.670000E+25
