 PDE 2017 11 19 15 09 02.90  -21.5000  168.6000  13.0 6.5 6.6 LOYALTY ISLANDS
event name:   C201711191509A
time shift:           7.8000
half duration:        4.2000
latitude:           -21.4400
longitude:          168.5500
depth:               12.0000
Mrr:           -6.200000E+25
Mtt:            2.290000E+25
Mpp:            3.910000E+25
Mrt:           -2.180000E+24
Mrp:            1.820000E+25
Mtp:           -2.890000E+25
