 PDE 2012 05 07 04 40 27.80   41.5500   46.7900  11.0 5.9 5.7 EASTERN CAUCASUS
event name:   C201205070440A
time shift:           2.3000
half duration:        2.1000
latitude:            41.4600
longitude:           46.6800
depth:               15.0000
Mrr:            1.990000E+24
Mtt:           -1.820000E+24
Mpp:           -1.690000E+23
Mrt:            7.120000E+24
Mrp:           -2.320000E+24
Mtp:            8.850000E+23
