 PDE 2018 07 17 07 02 53.00  -11.5900  166.4300  38.0 6.0 6.0 SANTA CRUZ ISLANDS
event name:   C201807170702A
time shift:           3.9000
half duration:        2.3000
latitude:           -11.7200
longitude:          166.0700
depth:               48.5000
Mrr:            1.090000E+25
Mtt:           -3.800000E+23
Mpp:           -1.050000E+25
Mrt:           -3.400000E+23
Mrp:            1.970000E+24
Mtp:            1.900000E+24
