 PDE 2016 04 13 13 55 17.80   23.1000   94.8600 136.0 6.9 6.9 MYANMAR-INDIA BORDER REGION
event name:   C201604131355A
time shift:           2.9000
half duration:        7.2000
latitude:            23.0200
longitude:           94.7800
depth:              149.8000
Mrr:            2.480000E+26
Mtt:           -2.740000E+26
Mpp:            2.570000E+25
Mrt:           -1.300000E+26
Mrp:           -5.690000E+25
Mtp:            1.100000E+26
