 PDE 2011 04 23 10 12 47.00   39.1000  142.8700  31.0 6.0 6.0 NEAR EAST COAST OF HONSHU, JAPAN
event name:   C201104231012A
time shift:           1.2000
half duration:        2.3000
latitude:            39.2100
longitude:          142.9100
depth:               30.2000
Mrr:            1.050000E+25
Mtt:           -1.000000E+25
Mpp:           -5.300000E+23
Mrt:           -3.040000E+24
Mrp:            2.050000E+24
Mtp:            1.880000E+24
