 PDE 2010 05 20 08 06 28.80  -39.0700  -92.1500  10.0 5.9 5.9 SOUTHEAST OF EASTER ISLAND
event name:   C201005200806A
time shift:           2.0000
half duration:        2.2000
latitude:           -39.0400
longitude:          -92.3300
depth:               12.0000
Mrr:           -1.810000E+24
Mtt:            1.630000E+24
Mpp:            1.790000E+23
Mrt:            6.000000E+21
Mrp:           -1.420000E+24
Mtp:           -9.100000E+24
