 PDE 2013 04 19 19 58 40.20   49.9700  157.6500  15.0 6.1 6.1 EAST OF KURIL ISLANDS
event name:   C201304191958A
time shift:           5.4000
half duration:        2.6000
latitude:            49.9200
longitude:          157.9500
depth:               17.8000
Mrr:            1.260000E+25
Mtt:           -3.860000E+24
Mpp:           -8.710000E+24
Mrt:            4.780000E+24
Mrp:            7.960000E+24
Mtp:           -6.060000E+24
