 PDE 2014 07 08 12 56 25.90  -17.6900  168.4000 110.2 6.2 6.2 VANUATU ISLANDS
event name:   C201407081256A
time shift:           5.8000
half duration:        3.0000
latitude:           -17.7900
longitude:          168.3000
depth:              114.6000
Mrr:            1.030000E+24
Mtt:            1.110000E+25
Mpp:           -1.220000E+25
Mrt:           -1.440000E+25
Mrp:           -8.690000E+24
Mtp:            1.490000E+25
