 PDE 2018 11 16 03 26 55.20  -10.5600  163.1300   8.0 6.1 6.1 SOLOMON ISLANDS
event name:   C201811160326B
time shift:           4.0000
half duration:        2.8000
latitude:           -10.4800
longitude:          163.2000
depth:               12.0000
Mrr:           -1.420000E+25
Mtt:            1.370000E+25
Mpp:            5.000000E+23
Mrt:            1.300000E+24
Mrp:           -1.190000E+24
Mtp:            1.370000E+25
