 PDE 2014 04 11 08 16 45.70   -6.7900  154.9500  20.0 6.5 6.5 SOLOMON ISLANDS
event name:   C201404110816A
time shift:           8.3000
half duration:        4.3000
latitude:            -7.0400
longitude:          154.9900
depth:               28.8000
Mrr:            5.710000E+25
Mtt:           -3.530000E+25
Mpp:           -2.180000E+25
Mrt:            2.620000E+25
Mrp:           -2.920000E+25
Mtp:            2.630000E+25
