 PDE 2012 07 08 11 33 02.90   45.5000  151.2900  20.0 6.0 6.0 KURIL ISLANDS
event name:   C201207081133A
time shift:           4.3000
half duration:        2.3000
latitude:            45.4600
longitude:          151.5000
depth:               23.2000
Mrr:            9.090000E+24
Mtt:           -3.650000E+24
Mpp:           -5.450000E+24
Mrt:            2.190000E+24
Mrp:            5.290000E+24
Mtp:           -5.040000E+24
