 PDE 2010 02 28 11 25 35.90  -34.9000  -71.6200  46.0 6.2 6.2 NEAR COAST OF CENTRAL CHILE
event name:   C201002281125A
time shift:           3.8000
half duration:        3.0000
latitude:           -35.1100
longitude:          -72.0500
depth:               53.5000
Mrr:            1.650000E+25
Mtt:            1.950000E+24
Mpp:           -1.840000E+25
Mrt:            3.930000E+24
Mrp:           -1.640000E+25
Mtp:           -1.130000E+24
