 PDE 2015 05 22 21 45 18.70  -11.0500  163.6900  11.2 7.0 6.9 SOLOMON ISLANDS
event name:   C201505222145A
time shift:           7.8000
half duration:        7.3000
latitude:           -10.9000
longitude:          163.5400
depth:               15.3000
Mrr:            1.810000E+25
Mtt:           -1.530000E+26
Mpp:            1.350000E+26
Mrt:            1.160000E+26
Mrp:           -1.560000E+26
Mtp:            2.400000E+26
