 PDE 2014 02 18 09 27 13.10   14.6700  -58.9300  14.8 6.5 6.5 NORTH ATLANTIC OCEAN
event name:   C201402180927A
time shift:           5.6000
half duration:        4.1000
latitude:            14.7600
longitude:          -58.8900
depth:               13.9000
Mrr:           -3.350000E+25
Mtt:           -3.360000E+25
Mpp:            6.700000E+25
Mrt:            1.700000E+25
Mrp:            1.030000E+24
Mtp:            6.760000E+24
