 PDE 2012 07 18 08 09 46.20  -20.8700 -178.5100 536.9 5.9 6.0 FIJI ISLANDS REGION
event name:   C201207180809A
time shift:           3.4000
half duration:        2.2000
latitude:           -20.7800
longitude:         -178.4900
depth:              544.2000
Mrr:           -5.590000E+24
Mtt:            1.930000E+24
Mpp:            3.660000E+24
Mrt:           -5.870000E+24
Mrp:           -4.500000E+24
Mtp:            3.080000E+24
