 PDE 2012 05 23 22 59 52.70  -50.4200  139.5200  10.0 6.0 6.0 WESTERN INDIAN-ANTARCTIC RIDGE
event name:   C201205232259A
time shift:           2.9000
half duration:        2.5000
latitude:           -50.4800
longitude:          139.4200
depth:               12.0000
Mrr:           -6.000000E+23
Mtt:            9.800000E+23
Mpp:           -3.800000E+23
Mrt:            5.500000E+23
Mrp:           -2.600000E+23
Mtp:           -1.290000E+25
