 PDE 2019 10 16 11 37 06.30    6.7100  125.0100  15.8 6.4 6.4 MINDANAO, PHILIPPINES
event name:   C201910161137A
time shift:           4.0000
half duration:        4.0000
latitude:             6.8600
longitude:          125.0100
depth:               17.1000
Mrr:           -3.530000E+24
Mtt:            5.260000E+25
Mpp:           -4.910000E+25
Mrt:           -8.040000E+24
Mrp:           -4.470000E+24
Mtp:            1.460000E+25
