 PDE 2010 11 23 09 01 06.90   -5.9600  148.9700  68.0 6.1 6.1 NEW BRITAIN REGION, P.N.G.
event name:   C201011230901A
time shift:           3.7000
half duration:        2.6000
latitude:            -6.1200
longitude:          149.1200
depth:               79.5000
Mrr:            1.310000E+25
Mtt:            7.000000E+22
Mpp:           -1.310000E+25
Mrt:            1.820000E+24
Mrp:           -3.230000E+24
Mtp:           -7.770000E+24
