 PDE 2015 02 13 20 06 32.30   22.6400  121.4200  29.7 6.2 6.2 TAIWAN REGION
event name:   C201502132006A
time shift:           3.5000
half duration:        3.2000
latitude:            22.6500
longitude:          121.3900
depth:               29.8000
Mrr:            2.220000E+25
Mtt:            4.490000E+24
Mpp:           -2.670000E+25
Mrt:           -1.030000E+25
Mrp:            9.400000E+23
Mtp:           -1.220000E+25
