 PDE 2014 03 22 12 59 59.20  -19.7600  -70.8700  20.0 6.2 6.2 NEAR COAST OF NORTHERN CHILE
event name:   C201403221259A
time shift:           9.1000
half duration:        3.2000
latitude:           -19.7300
longitude:          -71.1400
depth:               18.9000
Mrr:            1.790000E+25
Mtt:            4.700000E+23
Mpp:           -1.840000E+25
Mrt:            4.850000E+24
Mrp:           -2.100000E+25
Mtp:            4.720000E+24
