 PDE 2015 03 30 08 48 26.00  -15.5400 -172.9800  15.5 6.4 6.5 SAMOA ISLANDS REGION
event name:   C201503300848A
time shift:           8.2000
half duration:        4.1000
latitude:           -15.3700
longitude:         -172.6500
depth:               17.3000
Mrr:            4.320000E+25
Mtt:            5.790000E+24
Mpp:           -4.900000E+25
Mrt:            1.290000E+25
Mrp:            3.220000E+25
Mtp:            4.830000E+24
