 PDE 2011 03 09 21 22 17.60   38.3400  142.6500  23.0 6.0 5.9 NEAR EAST COAST OF HONSHU, JAPAN
event name:   C201103092122A
time shift:           2.0000
half duration:        2.9000
latitude:            38.2900
longitude:          142.9100
depth:               22.5000
Mrr:            7.000000E+24
Mtt:           -1.600000E+23
Mpp:           -6.830000E+24
Mrt:            2.730000E+24
Mrp:            7.930000E+24
Mtp:           -2.260000E+24
