 PDE 2012 12 29 07 59 41.10   -3.5600  148.9000   4.0 5.9 6.0 BISMARCK SEA
event name:   C201212290759A
time shift:           1.5000
half duration:        2.1000
latitude:            -3.3100
longitude:          148.9200
depth:               15.0000
Mrr:           -2.400000E+23
Mtt:            5.720000E+24
Mpp:           -5.490000E+24
Mrt:            6.200000E+23
Mrp:           -2.800000E+23
Mtp:            6.130000E+24
