 PDE 2014 06 29 14 20 37.20  -55.4100  -28.1100  10.0 5.9 5.8 SOUTH SANDWICH ISLANDS REGION
event name:   C201406291420A
time shift:           6.7000
half duration:        2.1000
latitude:           -55.2500
longitude:          -27.9500
depth:               13.0000
Mrr:            4.980000E+24
Mtt:           -2.390000E+24
Mpp:           -2.590000E+24
Mrt:           -3.320000E+24
Mrp:            3.710000E+24
Mtp:            4.540000E+24
