 PDE 2017 06 25 17 42 24.40  -19.5500 -176.2300  10.0 6.0 6.0 FIJI ISLANDS REGION
event name:   C201706251742A
time shift:           5.8000
half duration:        2.5000
latitude:           -19.4900
longitude:         -176.2600
depth:               14.4000
Mrr:           -1.240000E+24
Mtt:           -1.160000E+25
Mpp:            1.290000E+25
Mrt:           -2.080000E+24
Mrp:            2.080000E+24
Mtp:           -6.590000E+24
