 PDE 2013 09 05 12 29 15.10   10.5900  -86.1100  18.0 5.8 5.9 OFF COAST OF COSTA RICA
event name:   C201309051229A
time shift:           4.0000
half duration:        2.0000
latitude:            10.3000
longitude:          -86.4500
depth:               20.6000
Mrr:            4.570000E+24
Mtt:           -3.070000E+24
Mpp:           -1.500000E+24
Mrt:            3.830000E+24
Mrp:           -3.120000E+24
Mtp:            2.430000E+24
