 PDE 2011 07 20 22 04 59.30  -10.3400  162.0100  21.0 6.0 6.0 SOLOMON ISLANDS
event name:   C201107202204A
time shift:           4.8000
half duration:        2.3000
latitude:           -10.3000
longitude:          162.2000
depth:               29.1000
Mrr:            6.710000E+24
Mtt:           -2.500000E+24
Mpp:           -4.210000E+24
Mrt:            2.320000E+24
Mrp:            5.950000E+24
Mtp:            6.960000E+24
