 PDE 2013 01 31 09 53 40.40   55.4400 -135.0200  13.4 5.9 5.9 OFF COAST OF SOUTHEASTERN ALASKA
event name:   C201301310953A
time shift:           6.7000
half duration:        2.2000
latitude:            55.4100
longitude:         -135.1400
depth:               12.0000
Mrr:           -8.070000E+23
Mtt:            3.770000E+24
Mpp:           -2.970000E+24
Mrt:           -2.430000E+24
Mrp:           -4.340000E+24
Mtp:            7.060000E+24
