 PDE 2014 06 05 17 22 05.40  -29.1500 -112.4800  10.0 5.8 5.9 EASTER ISLAND REGION
event name:   C201406051722A
time shift:           6.0000
half duration:        1.9000
latitude:           -29.2400
longitude:         -112.6100
depth:               14.5000
Mrr:           -6.430000E+23
Mtt:           -1.860000E+24
Mpp:            2.500000E+24
Mrt:            7.790000E+23
Mrp:           -5.950000E+23
Mtp:           -5.960000E+24
