 PDE 2011 03 12 12 53 52.10   37.7300  143.5100  34.1 5.9 5.9 OFF EAST COAST OF HONSHU, JAPAN
event name:   C201103121253A
time shift:           0.6000
half duration:        2.2000
latitude:            37.7100
longitude:          143.6000
depth:               20.7000
Mrr:           -5.970000E+24
Mtt:           -4.270000E+24
Mpp:            1.020000E+25
Mrt:            1.900000E+24
Mrp:            4.050000E+24
Mtp:            2.940000E+24
