 PDE 2013 11 12 07 03 51.10   54.6900  162.3000  43.0 6.5 6.4 NEAR EAST COAST OF KAMCHATKA
event name:   C201311120703A
time shift:           3.8000
half duration:        4.3000
latitude:            54.7900
longitude:          162.2900
depth:               29.9000
Mrr:            6.600000E+24
Mtt:           -2.180000E+24
Mpp:           -4.420000E+24
Mrt:            3.590000E+25
Mrp:            6.040000E+25
Mtp:            6.140000E+24
