 PDE 2010 07 02 06 04 03.10  -13.6400  166.4900  29.0 6.3 6.3 VANUATU ISLANDS
event name:   C201007020604A
time shift:           5.6000
half duration:        3.3000
latitude:           -13.7100
longitude:          166.4400
depth:               28.0000
Mrr:            2.610000E+25
Mtt:            8.800000E+23
Mpp:           -2.690000E+25
Mrt:            8.220000E+24
Mrp:           -1.460000E+25
Mtp:            8.000000E+24
