 PDE 2017 11 18 16 07 00.30    2.4600  128.1500   8.0 5.8 5.8 HALMAHERA, INDONESIA
event name:   C201711181607A
time shift:           4.7000
half duration:        2.0000
latitude:             2.5900
longitude:          128.1000
depth:               14.1000
Mrr:           -8.660000E+23
Mtt:           -4.130000E+24
Mpp:            4.990000E+24
Mrt:           -3.450000E+24
Mrp:           -6.700000E+23
Mtp:           -2.970000E+24
