 PDE 2017 08 05 00 30 41.20    6.1100  125.4200  76.0 5.9 5.8 MINDANAO, PHILIPPINES
event name:   C201708050030A
time shift:           1.6000
half duration:        2.1000
latitude:             6.1900
longitude:          125.2900
depth:               82.0000
Mrr:           -1.120000E+24
Mtt:            7.960000E+24
Mpp:           -6.840000E+24
Mrt:            2.430000E+24
Mrp:            2.920000E+24
Mtp:           -2.300000E+23
