 PDE 2016 12 29 22 30 19.30   -9.0300  118.6600  79.0 6.3 6.3 SUMBAWA REGION, INDONESIA
event name:   C201612292230A
time shift:           2.6000
half duration:        3.3000
latitude:            -9.1600
longitude:          118.7400
depth:               98.4000
Mrr:            9.250000E+24
Mtt:            1.300000E+25
Mpp:           -2.220000E+25
Mrt:            9.320000E+24
Mrp:            1.720000E+25
Mtp:            1.480000E+25
