 PDE 2011 03 31 00 11 58.30  -16.5400 -177.5200  15.5 6.3 6.4 FIJI ISLANDS REGION
event name:   C201103310011A
time shift:           4.3000
half duration:        3.7000
latitude:           -16.5400
longitude:         -177.3400
depth:               14.6000
Mrr:            2.600000E+23
Mtt:           -4.220000E+25
Mpp:            4.200000E+25
Mrt:            8.800000E+23
Mrp:            5.510000E+24
Mtp:            5.910000E+24
