 PDE 2016 04 14 03 06 09.00   53.7700  160.8000  32.0 5.8 5.8 NEAR EAST COAST OF KAMCHATKA
event name:   C201604140306A
time shift:           5.4000
half duration:        2.0000
latitude:            53.7100
longitude:          161.2000
depth:               44.4000
Mrr:            5.870000E+24
Mtt:           -1.190000E+24
Mpp:           -4.670000E+24
Mrt:            2.120000E+24
Mrp:            2.660000E+24
Mtp:           -3.090000E+24
