 PDE 2014 11 22 13 08 18.40   36.6400  137.8900   9.0 6.2 6.2 EASTERN HONSHU, JAPAN
event name:   C201411221308A
time shift:           5.0000
half duration:        3.2000
latitude:            36.7600
longitude:          137.8800
depth:               12.0000
Mrr:            2.030000E+25
Mtt:           -7.190000E+24
Mpp:           -1.310000E+25
Mrt:           -1.220000E+25
Mrp:           -2.540000E+24
Mtp:           -2.070000E+25
