 PDE 2014 08 03 08 30 13.60   27.1900  103.4100  12.0 6.2 6.2 YUNNAN, CHINA
event name:   C201408030830A
time shift:           2.5000
half duration:        2.9000
latitude:            27.0600
longitude:          103.5000
depth:               14.6000
Mrr:           -2.000000E+23
Mtt:            1.310000E+25
Mpp:           -1.290000E+25
Mrt:           -5.500000E+23
Mrp:           -3.550000E+24
Mtp:           -1.640000E+25
