 PDE 2016 10 23 20 25 26.70   44.0500  148.1000  29.0 5.9 5.9 KURIL ISLANDS
event name:   C201610232025A
time shift:           3.0000
half duration:        2.1000
latitude:            44.0700
longitude:          148.2600
depth:               35.2000
Mrr:            6.440000E+24
Mtt:           -2.510000E+24
Mpp:           -3.930000E+24
Mrt:            1.730000E+24
Mrp:            4.610000E+24
Mtp:           -4.200000E+24
