 PDE 2010 08 03 12 08 26.00    1.2400  126.2100  41.0 6.3 6.3 NORTHERN MOLUCCA SEA
event name:   C201008031208A
time shift:           4.4000
half duration:        3.4000
latitude:             1.4000
longitude:          126.4000
depth:               40.8000
Mrr:            3.250000E+25
Mtt:           -2.570000E+24
Mpp:           -2.990000E+25
Mrt:            4.190000E+24
Mrp:            1.830000E+24
Mtp:           -1.530000E+25
