 PDE 2015 08 20 11 00 09.70    0.4900  126.5900  46.1 5.8 5.8 NORTHERN MOLUCCA SEA
event name:   C201508201100A
time shift:           1.6000
half duration:        2.0000
latitude:             0.6300
longitude:          126.5000
depth:               71.7000
Mrr:            4.490000E+24
Mtt:           -1.360000E+24
Mpp:           -3.130000E+24
Mrt:           -2.520000E+24
Mrp:           -3.630000E+24
Mtp:           -2.450000E+24
