 PDE 2012 05 10 02 13 56.20  -28.7300 -112.5900  10.0 5.9 5.9 EASTER ISLAND REGION
event name:   C201205100213A
time shift:           5.6000
half duration:        2.3000
latitude:           -28.7800
longitude:         -112.6700
depth:               15.0000
Mrr:           -4.200000E+23
Mtt:           -9.200000E+24
Mpp:            9.620000E+24
Mrt:           -1.220000E+24
Mrp:            5.000000E+22
Mtp:           -2.780000E+24
