 PDE 2013 11 13 23 45 47.90  -60.2800  -47.1200  11.1 6.0 6.1 SCOTIA SEA
event name:   C201311132345A
time shift:           4.8000
half duration:        2.5000
latitude:           -60.5000
longitude:          -47.5200
depth:               17.0000
Mrr:           -2.450000E+24
Mtt:           -2.300000E+23
Mpp:            2.680000E+24
Mrt:            1.140000E+24
Mrp:            6.220000E+24
Mtp:            1.240000E+25
