 PDE 2014 04 14 06 29 47.80  -11.2400  161.8800  20.0 5.8 5.8 SOLOMON ISLANDS
event name:   C201404140629A
time shift:           3.2000
half duration:        2.0000
latitude:           -11.2700
longitude:          161.6900
depth:               12.0000
Mrr:            3.180000E+24
Mtt:            4.130000E+23
Mpp:           -3.590000E+24
Mrt:            1.160000E+24
Mrp:           -3.520000E+24
Mtp:            6.200000E+24
