 PDE 2012 06 23 04 34 53.20    3.0100   97.9000  95.0 6.1 6.1 NORTHERN SUMATRA, INDONESIA
event name:   C201206230434A
time shift:           1.7000
half duration:        2.8000
latitude:             2.9800
longitude:           97.7700
depth:              104.5000
Mrr:            2.070000E+24
Mtt:            1.200000E+23
Mpp:           -2.190000E+24
Mrt:            1.090000E+25
Mrp:           -1.330000E+25
Mtp:           -1.240000E+25
