 PDE 2018 05 09 07 57 55.00   -5.8800  151.7800   9.0 6.0 6.0 NEW BRITAIN REGION, P.N.G.
event name:   C201805090757A
time shift:           6.3000
half duration:        2.4000
latitude:            -6.0400
longitude:          151.7800
depth:               14.5000
Mrr:            8.090000E+24
Mtt:           -8.720000E+24
Mpp:            6.300000E+23
Mrt:            8.290000E+24
Mrp:            1.710000E+24
Mtp:           -1.820000E+24
