 PDE 2013 06 07 12 54 09.40  -23.8900  179.0900 546.0 5.9 5.9 SOUTH OF FIJI ISLANDS
event name:   C201306071254A
time shift:           4.6000
half duration:        2.2000
latitude:           -23.8300
longitude:          179.0700
depth:              557.1000
Mrr:           -3.200000E+24
Mtt:           -2.010000E+24
Mpp:            5.210000E+24
Mrt:           -5.200000E+23
Mrp:           -7.540000E+24
Mtp:            1.540000E+24
