 PDE 2011 03 07 00 09 36.50  -10.3500  160.7700  22.0 6.4 6.6 SOLOMON ISLANDS
event name:   C201103070009A
time shift:           5.6000
half duration:        3.8000
latitude:           -10.5400
longitude:          160.6900
depth:               35.0000
Mrr:            4.430000E+25
Mtt:           -1.780000E+25
Mpp:           -2.650000E+25
Mrt:            6.350000E+24
Mrp:           -7.460000E+24
Mtp:            2.680000E+25
