 PDE 2014 10 01 03 38 51.80   -6.0700  149.5300  42.0 6.0 6.0 NEW BRITAIN REGION, P.N.G.
event name:   C201410010338A
time shift:           5.0000
half duration:        2.4000
latitude:            -6.2700
longitude:          149.5800
depth:               50.1000
Mrr:            1.050000E+25
Mtt:           -1.210000E+25
Mpp:            1.600000E+24
Mrt:            1.530000E+24
Mrp:           -8.700000E+23
Mtp:            5.000000E+22
