 PDE 2011 01 01 09 56 58.10  -26.7900  -63.0900 576.8 7.0 7.0 SANTIAGO DEL ESTERO PROV., ARG.
event name:   C201101010956A
time shift:           5.7000
half duration:        8.0000
latitude:           -27.0200
longitude:          -63.2100
depth:              586.0000
Mrr:           -2.470000E+26
Mtt:           -1.250000E+25
Mpp:            2.590000E+26
Mrt:           -1.760000E+26
Mrp:            2.980000E+26
Mtp:           -7.740000E+25
