 PDE 2015 02 21 10 13 53.30   39.8200  143.4900   7.0 6.0 6.0 OFF EAST COAST OF HONSHU, JAPAN
event name:   C201502211013A
time shift:           5.6000
half duration:        2.3000
latitude:            39.8300
longitude:          143.7400
depth:               12.5000
Mrr:            5.820000E+24
Mtt:            2.000000E+23
Mpp:           -6.010000E+24
Mrt:            3.630000E+24
Mrp:            7.780000E+24
Mtp:           -1.720000E+24
