 PDE 2016 08 31 22 04 35.20  -37.1300  178.9300  15.4 5.8 5.8 OFF E. COAST OF N. ISLAND, N.Z.
event name:   C201608312204A
time shift:           5.2000
half duration:        2.0000
latitude:           -37.0900
longitude:          179.0500
depth:               27.2000
Mrr:            5.000000E+21
Mtt:           -1.320000E+24
Mpp:            1.320000E+24
Mrt:            4.790000E+24
Mrp:            4.100000E+24
Mtp:            2.570000E+23
