 PDE 2012 06 04 00 45 15.30    5.3100  -82.6300   7.0 6.3 6.3 SOUTH OF PANAMA
event name:   C201206040045A
time shift:           5.7000
half duration:        3.4000
latitude:             5.3100
longitude:          -82.6400
depth:               24.3000
Mrr:           -3.260000E+24
Mtt:            7.180000E+24
Mpp:           -3.920000E+24
Mrt:            3.720000E+24
Mrp:           -3.200000E+23
Mtp:            3.340000E+25
