 PDE 2019 03 28 22 06 49.40   50.4900  159.9400   9.0 6.2 6.2 EAST OF KURIL ISLANDS
event name:   C201903282206A
time shift:           3.7000
half duration:        3.1000
latitude:            50.4200
longitude:          160.1100
depth:               12.0000
Mrr:           -2.370000E+25
Mtt:            1.270000E+25
Mpp:            1.090000E+25
Mrt:            6.040000E+24
Mrp:            3.390000E+24
Mtp:            1.400000E+25
