 PDE 2019 02 04 19 29 54.30   -0.4300   98.0400  19.0 5.8 5.6 SOUTHERN SUMATRA, INDONESIA
event name:   C201902041929A
time shift:           3.3000
half duration:        2.0000
latitude:            -0.3500
longitude:           98.0000
depth:               12.0000
Mrr:            1.670000E+24
Mtt:           -3.820000E+23
Mpp:           -1.290000E+24
Mrt:            4.800000E+24
Mrp:           -4.160000E+24
Mtp:            1.310000E+24
