 PDE 2011 03 10 17 08 36.90   -6.8700  116.7200 510.6 6.6 6.6 BALI SEA
event name:   C201103101708A
time shift:           1.7000
half duration:        4.8000
latitude:            -6.9500
longitude:          116.7100
depth:              516.9000
Mrr:           -9.150000E+25
Mtt:            9.430000E+25
Mpp:           -2.800000E+24
Mrt:           -1.920000E+25
Mrp:           -1.830000E+25
Mtp:           -1.050000E+25
