 PDE 2016 02 16 23 48 35.70  -55.7800 -125.1700  13.0 6.1 6.1 SOUTHERN EAST PACIFIC RISE
event name:   C201602162348A
time shift:           3.5000
half duration:        2.8000
latitude:           -55.7400
longitude:         -124.5700
depth:               20.1000
Mrr:           -2.420000E+24
Mtt:            1.210000E+25
Mpp:           -9.720000E+24
Mrt:           -2.140000E+24
Mrp:           -1.060000E+24
Mtp:            1.530000E+25
