 PDE 2018 08 29 03 51 56.70  -22.0300  170.1200  25.6 6.9 7.1 SOUTHEAST OF LOYALTY ISLANDS
event name:   C201808290351A
time shift:          26.9000
half duration:        6.9000
latitude:           -22.2900
longitude:          169.8200
depth:               17.7000
Mrr:            2.350000E+26
Mtt:           -1.100000E+26
Mpp:           -1.250000E+26
Mrt:            1.240000E+26
Mrp:           -1.110000E+26
Mtp:            1.070000E+26
