 PDE 2018 12 19 21 37 47.80   -6.0300  149.8700  31.7 5.8 5.8 NEW BRITAIN REGION, P.N.G.
event name:   C201812192137A
time shift:           3.5000
half duration:        2.0000
latitude:            -6.4200
longitude:          149.9300
depth:               39.5000
Mrr:            5.580000E+24
Mtt:           -6.380000E+24
Mpp:            8.020000E+23
Mrt:            2.730000E+24
Mrp:            1.690000E+23
Mtp:           -4.200000E+22
