 PDE 2011 04 21 01 54 41.60   40.3100  143.6300  11.0 5.8 5.8 OFF EAST COAST OF HONSHU, JAPAN
event name:   C201104210154A
time shift:           3.8000
half duration:        1.9000
latitude:            40.3300
longitude:          143.8700
depth:               15.0000
Mrr:            1.470000E+24
Mtt:            1.750000E+23
Mpp:           -1.650000E+24
Mrt:            1.900000E+24
Mrp:            6.470000E+24
Mtp:           -7.900000E+22
