 PDE 2012 10 18 01 27 16.00  -54.2200  144.0100   7.5 5.9 5.9 WEST OF MACQUARIE ISLAND
event name:   C201210180127A
time shift:           3.0000
half duration:        2.3000
latitude:           -54.2800
longitude:          143.8700
depth:               15.0000
Mrr:           -1.170000E+24
Mtt:            3.030000E+24
Mpp:           -1.850000E+24
Mrt:           -7.300000E+23
Mrp:           -1.060000E+24
Mtp:           -9.610000E+24
