 PDE 2018 12 05 06 43 04.10  -22.0600  169.7300  10.0 6.7 6.6 SOUTHEAST OF LOYALTY ISLANDS
event name:   C201812050643A
time shift:          13.4000
half duration:        5.4000
latitude:           -21.9800
longitude:          169.8100
depth:               18.1000
Mrr:            1.140000E+26
Mtt:           -4.900000E+25
Mpp:           -6.530000E+25
Mrt:            3.990000E+25
Mrp:           -6.720000E+25
Mtp:            5.590000E+25
