 PDE 2016 05 20 18 14 04.70  -25.5700  129.8800  10.0 6.0 6.0 NORTHERN TERRITORY, AUSTRALIA
event name:   C201605201814A
time shift:           3.0000
half duration:        2.5000
latitude:           -25.6100
longitude:          129.9400
depth:               12.0000
Mrr:            1.310000E+25
Mtt:           -5.860000E+24
Mpp:           -7.240000E+24
Mrt:           -7.000000E+23
Mrp:           -5.200000E+23
Mtp:            8.520000E+24
