 PDE 2015 05 08 07 52 06.10   -6.1200  149.8200  35.0 5.9 5.9 NEW BRITAIN REGION, P.N.G.
event name:   C201505080752A
time shift:           4.5000
half duration:        2.2000
latitude:            -6.3900
longitude:          149.9400
depth:               40.6000
Mrr:            8.260000E+24
Mtt:           -9.560000E+24
Mpp:            1.300000E+24
Mrt:            3.510000E+24
Mrp:            5.600000E+23
Mtp:           -3.900000E+23
