 PDE 2019 05 17 22 37 47.80   -4.5800  153.0100  21.0 6.0 5.9 NEW IRELAND REGION, P.N.G.
event name:   C201905172237A
time shift:           3.5000
half duration:        2.3000
latitude:            -4.6600
longitude:          152.9800
depth:               34.2000
Mrr:            8.000000E+22
Mtt:            9.430000E+24
Mpp:           -9.520000E+24
Mrt:           -4.110000E+24
Mrp:           -1.060000E+24
Mtp:           -3.120000E+24
