 PDE 2013 07 02 07 37 02.60    4.6400   96.6700  13.0 6.1 6.2 NORTHERN SUMATRA, INDONESIA
event name:   C201307020737A
time shift:           2.9000
half duration:        2.8000
latitude:             4.7400
longitude:           96.6800
depth:               15.9000
Mrr:           -3.900000E+23
Mtt:           -1.510000E+25
Mpp:            1.550000E+25
Mrt:           -1.070000E+25
Mrp:           -1.660000E+24
Mtp:           -5.200000E+24
