 PDE 2018 06 16 03 23 31.70  -16.2800 -177.5900  10.0 6.0 5.9 FIJI ISLANDS REGION
event name:   C201806160323A
time shift:           5.7000
half duration:        2.4000
latitude:           -16.1600
longitude:         -177.5600
depth:               15.1000
Mrr:            5.400000E+23
Mtt:           -1.030000E+25
Mpp:            9.790000E+24
Mrt:            1.090000E+24
Mrp:            5.300000E+23
Mtp:            6.040000E+24
