 PDE 2011 09 04 21 44 18.10  -19.1800  168.7100  37.0 5.9 5.9 VANUATU ISLANDS
event name:   C201109042144A
time shift:           5.2000
half duration:        2.1000
latitude:           -19.2000
longitude:          168.4200
depth:               49.3000
Mrr:            7.260000E+24
Mtt:            2.800000E+23
Mpp:           -7.530000E+24
Mrt:           -1.900000E+23
Mrp:           -1.900000E+23
Mtp:            2.780000E+24
