 PDE 2014 01 09 06 39 33.50  -11.5900  166.5200  58.0 5.9 5.8 SANTA CRUZ ISLANDS
event name:   C201401090639A
time shift:           5.1000
half duration:        2.1000
latitude:           -11.5600
longitude:          166.0300
depth:               48.9000
Mrr:            7.830000E+24
Mtt:           -2.500000E+23
Mpp:           -7.580000E+24
Mrt:           -1.100000E+23
Mrp:            1.460000E+24
Mtp:            1.840000E+24
