 PDE 2019 04 11 08 18 21.40   40.4100  143.3000  18.0 6.1 6.0 OFF EAST COAST OF HONSHU, JAPAN
event name:   C201904110818A
time shift:           3.7000
half duration:        2.7000
latitude:            40.3700
longitude:          143.3500
depth:               17.4000
Mrr:            8.380000E+24
Mtt:           -8.100000E+23
Mpp:           -7.570000E+24
Mrt:            7.610000E+24
Mrp:            1.310000E+25
Mtp:           -2.970000E+24
