 PDE 2016 10 09 14 46 26.70    1.7700  127.4500 128.0 5.8 5.8 HALMAHERA, INDONESIA
event name:   C201610091446A
time shift:           1.4000
half duration:        2.0000
latitude:             1.8200
longitude:          127.4800
depth:              141.1000
Mrr:            2.310000E+24
Mtt:            1.410000E+24
Mpp:           -3.710000E+24
Mrt:           -1.930000E+24
Mrp:           -4.510000E+24
Mtp:            3.430000E+24
