 PDE 2012 05 23 15 02 25.30   41.3300  142.0800  46.0 6.0 6.0 HOKKAIDO, JAPAN REGION
event name:   C201205231502A
time shift:           3.0000
half duration:        2.4000
latitude:            41.3900
longitude:          142.2200
depth:               54.1000
Mrr:            9.050000E+24
Mtt:           -2.600000E+23
Mpp:           -8.780000E+24
Mrt:            3.680000E+24
Mrp:            6.120000E+24
Mtp:           -2.320000E+24
