 PDE 2011 05 15 18 37 10.40   -6.1000  154.4100  40.0 6.5 6.5 SOLOMON ISLANDS
event name:   C201105151837A
time shift:           6.9000
half duration:        4.1000
latitude:            -6.2200
longitude:          154.4400
depth:               52.9000
Mrr:            5.940000E+25
Mtt:           -3.010000E+25
Mpp:           -2.930000E+25
Mrt:           -7.550000E+24
Mrp:            5.950000E+24
Mtp:            3.220000E+25
