 PDE 2014 12 02 05 11 31.00    6.1600  123.1300 614.0 6.6 6.6 MINDANAO, PHILIPPINES
event name:   C201412020511A
time shift:           6.2000
half duration:        4.8000
latitude:             6.3100
longitude:          123.1700
depth:              631.7000
Mrr:            4.810000E+24
Mtt:            7.350000E+24
Mpp:           -1.220000E+25
Mrt:           -1.970000E+25
Mrp:           -8.600000E+25
Mtp:            2.900000E+25
