 PDE 2012 08 18 09 41 52.50   -1.3200  120.1000  10.0 6.3 6.3 SULAWESI, INDONESIA
event name:   C201208180941A
time shift:           3.7000
half duration:        3.5000
latitude:            -1.2600
longitude:          120.0000
depth:               12.5000
Mrr:           -7.020000E+24
Mtt:            2.740000E+25
Mpp:           -2.040000E+25
Mrt:           -2.750000E+24
Mrp:           -3.350000E+24
Mtp:           -2.780000E+25
