 PDE 2014 02 03 03 08 46.20   38.2600   20.3900   5.0 6.0 6.0 GREECE
event name:   C201402030308A
time shift:           2.2000
half duration:        2.5000
latitude:            38.0700
longitude:           20.3700
depth:               12.0000
Mrr:            7.510000E+24
Mtt:            2.990000E+24
Mpp:           -1.050000E+25
Mrt:            3.010000E+24
Mrp:           -2.440000E+24
Mtp:            1.050000E+25
