 PDE 2010 06 26 09 50 45.80   -8.0200  108.0900  90.7 5.9 5.9 JAVA, INDONESIA
event name:   C201006260950A
time shift:           0.5000
half duration:        2.1000
latitude:            -8.3300
longitude:          108.0300
depth:              100.4000
Mrr:            8.290000E+23
Mtt:            1.050000E+24
Mpp:           -1.880000E+24
Mrt:            7.900000E+24
Mrp:           -1.940000E+24
Mtp:           -1.640000E+24
