 PDE 2014 03 23 18 20 01.90  -19.6900  -70.8500  21.0 6.2 6.3 NEAR COAST OF NORTHERN CHILE
event name:   C201403231819A
time shift:           6.8000
half duration:        3.2000
latitude:           -19.7000
longitude:          -71.0500
depth:               21.7000
Mrr:            1.850000E+25
Mtt:           -4.000000E+22
Mpp:           -1.850000E+25
Mrt:            7.890000E+24
Mrp:           -2.000000E+25
Mtp:            5.430000E+24
