 PDE 2016 03 03 21 47 50.50   -3.3300  148.8200  10.0 5.8 5.9 BISMARCK SEA
event name:   C201603032147A
time shift:           4.0000
half duration:        2.1000
latitude:            -3.2900
longitude:          148.8700
depth:               12.1000
Mrr:           -8.810000E+23
Mtt:            5.620000E+24
Mpp:           -4.740000E+24
Mrt:            6.150000E+23
Mrp:            2.940000E+23
Mtp:            5.500000E+24
