 PDE 2015 09 01 15 25 09.50   31.1800  141.6000   8.0 5.8 6.0 SOUTHEAST OF HONSHU, JAPAN
event name:   C201509011524A
time shift:           4.3000
half duration:        2.0000
latitude:            31.1600
longitude:          141.8000
depth:               12.0000
Mrr:            5.970000E+24
Mtt:            1.380000E+24
Mpp:           -7.350000E+24
Mrt:           -2.900000E+23
Mrp:            2.760000E+24
Mtp:           -1.180000E+24
