 PDE 2018 07 07 11 23 50.10   35.1100  140.6500  40.0 5.9 5.9 NEAR EAST COAST OF HONSHU, JAPAN
event name:   C201807071123A
time shift:           4.9000
half duration:        2.2000
latitude:            35.1100
longitude:          140.5600
depth:               45.2000
Mrr:            2.160000E+24
Mtt:            6.450000E+24
Mpp:           -8.600000E+24
Mrt:           -1.120000E+24
Mrp:            2.960000E+24
Mtp:           -4.790000E+24
