 PDE 2010 10 09 01 54 04.60   10.2100  -84.2900  91.0 5.8 5.8 COSTA RICA
event name:   C201010090154A
time shift:           4.8000
half duration:        2.0000
latitude:            10.2100
longitude:          -84.2800
depth:               95.8000
Mrr:            4.370000E+23
Mtt:            1.220000E+24
Mpp:           -1.650000E+24
Mrt:            6.310000E+24
Mrp:           -1.340000E+24
Mtp:            1.100000E+24
