 PDE 2015 05 05 08 16 58.50   -5.5300  152.2400  45.6 5.8 5.8 NEW BRITAIN REGION, P.N.G.
event name:   C201505050816A
time shift:           2.6000
half duration:        2.0000
latitude:            -5.7800
longitude:          152.1800
depth:               26.0000
Mrr:            6.870000E+24
Mtt:           -5.130000E+24
Mpp:           -1.740000E+24
Mrt:            3.310000E+24
Mrp:           -7.420000E+23
Mtp:           -1.670000E+24
