 PDE 2011 03 27 22 23 58.80   38.4200  142.0100  19.0 6.2 6.2 NEAR EAST COAST OF HONSHU, JAPAN
event name:   C201103272223A
time shift:           3.1000
half duration:        3.2000
latitude:            38.4000
longitude:          142.0900
depth:               21.7000
Mrr:           -2.280000E+25
Mtt:            1.880000E+25
Mpp:            3.940000E+24
Mrt:            1.850000E+25
Mrp:            3.190000E+24
Mtp:           -6.440000E+24
