 PDE 2014 05 14 20 56 13.20    6.4500  144.9200  10.0 6.2 6.1 E. CAROLINE ISLANDS, MICRONESIA
event name:   C201405142056A
time shift:           3.9000
half duration:        3.0000
latitude:             6.5500
longitude:          144.9100
depth:               19.7000
Mrr:           -1.110000E+24
Mtt:            1.720000E+25
Mpp:           -1.610000E+25
Mrt:            8.900000E+23
Mrp:           -1.940000E+24
Mtp:            1.750000E+25
