 PDE 2014 02 05 20 52 33.40  -61.3900  154.4500  10.0 5.8 5.9 BALLENY ISLANDS REGION
event name:   C201402052052A
time shift:           5.2000
half duration:        2.0000
latitude:           -61.4300
longitude:          154.1800
depth:               18.1000
Mrr:           -4.080000E+23
Mtt:            5.860000E+24
Mpp:           -5.450000E+24
Mrt:            7.950000E+23
Mrp:            7.360000E+23
Mtp:           -4.410000E+24
