 PDE 2016 02 17 17 26 02.20    0.8600  129.0600   9.0 6.1 6.0 HALMAHERA, INDONESIA
event name:   C201602171726A
time shift:           2.8000
half duration:        2.7000
latitude:             0.8400
longitude:          128.9800
depth:               15.5000
Mrr:           -1.330000E+24
Mtt:            1.620000E+25
Mpp:           -1.480000E+25
Mrt:            4.240000E+24
Mrp:            2.930000E+24
Mtp:            6.090000E+24
