 PDE 2010 06 13 03 32 57.20   37.3700  141.6200  27.0 5.9 5.9 NEAR EAST COAST OF HONSHU, JAPAN
event name:   C201006130332A
time shift:           3.2000
half duration:        2.3000
latitude:            37.4200
longitude:          141.7600
depth:               33.2000
Mrr:            8.800000E+24
Mtt:           -9.750000E+24
Mpp:            9.500000E+23
Mrt:            2.200000E+23
Mrp:           -2.960000E+24
Mtp:           -1.610000E+24
