 PDE 2017 09 20 22 13 35.80   -5.0800  147.8300  10.0 5.8 5.9 EASTERN NEW GUINEA REG., P.N.G.
event name:   C201709202213A
time shift:           5.7000
half duration:        2.1000
latitude:            -5.0300
longitude:          147.8800
depth:               12.0000
Mrr:           -4.160000E+23
Mtt:           -2.660000E+24
Mpp:            3.070000E+24
Mrt:            1.960000E+23
Mrp:            1.130000E+24
Mtp:            6.920000E+24
