 PDE 2011 02 11 20 05 30.80  -36.4700  -73.1200  27.6 6.8 6.8 NEAR COAST OF CENTRAL CHILE
event name:   C201102112005A
time shift:           8.3000
half duration:        6.4000
latitude:           -36.6300
longitude:          -73.5600
depth:               17.8000
Mrr:            9.990000E+25
Mtt:           -3.300000E+24
Mpp:           -9.660000E+25
Mrt:            2.500000E+24
Mrp:           -2.090000E+26
Mtp:           -1.320000E+25
