 PDE 2010 10 21 17 53 13.10   24.6900 -109.1600  10.0 6.7 6.8 GULF OF CALIFORNIA
event name:   C201010211753A
time shift:           6.8000
half duration:        5.3000
latitude:            24.8300
longitude:         -109.2900
depth:               14.2000
Mrr:            4.400000E+24
Mtt:           -1.320000E+26
Mpp:            1.270000E+26
Mrt:           -1.120000E+25
Mrp:            5.500000E+24
Mtp:           -2.000000E+25
