 PDE 2014 06 29 07 52 55.20  -55.4700  -28.3700   8.0 6.8 6.9 SOUTH SANDWICH ISLANDS REGION
event name:   C201406290752A
time shift:          10.5000
half duration:        6.5000
latitude:           -55.3400
longitude:          -28.3100
depth:               21.0000
Mrr:            9.640000E+25
Mtt:           -9.380000E+25
Mpp:           -2.600000E+24
Mrt:           -9.940000E+25
Mrp:            1.720000E+26
Mtp:            1.010000E+26
