 PDE 2015 05 01 08 06 03.50   -5.2000  151.7800  44.0 6.7 6.8 NEW BRITAIN REGION, P.N.G.
event name:   C201505010806A
time shift:           6.6000
half duration:        5.7000
latitude:            -5.4700
longitude:          151.7600
depth:               49.3000
Mrr:            1.470000E+26
Mtt:           -1.480000E+26
Mpp:            1.100000E+24
Mrt:            3.360000E+25
Mrp:           -2.480000E+25
Mtp:           -4.860000E+25
