 PDE 2016 09 14 07 25 00.10   -9.3300  159.1700  14.0 6.0 6.0 SOLOMON ISLANDS
event name:   C201609140724A
time shift:           3.2000
half duration:        2.4000
latitude:            -9.4800
longitude:          159.0700
depth:               20.3000
Mrr:            8.050000E+24
Mtt:           -3.760000E+24
Mpp:           -4.290000E+24
Mrt:            1.830000E+24
Mrp:           -7.740000E+24
Mtp:            5.660000E+24
