 PDE 2012 11 22 13 07 10.40  -22.7400  -63.5700 516.6 5.9 6.0 SALTA PROVINCE, ARGENTINA
event name:   C201211221307A
time shift:           3.4000
half duration:        2.2000
latitude:           -22.8600
longitude:          -63.6900
depth:              544.4000
Mrr:           -3.220000E+24
Mtt:           -5.580000E+23
Mpp:            3.780000E+24
Mrt:           -1.760000E+24
Mrp:            5.810000E+24
Mtp:            5.330000E+24
