 PDE 2014 09 10 02 46 06.40   -0.2400  125.1000  35.0 6.3 6.2 SOUTHERN MOLUCCA SEA
event name:   C201409100246A
time shift:           5.3000
half duration:        3.3000
latitude:            -0.3600
longitude:          125.0600
depth:               29.2000
Mrr:            2.410000E+25
Mtt:           -1.570000E+25
Mpp:           -8.420000E+24
Mrt:            6.340000E+24
Mrp:            1.980000E+25
Mtp:           -1.280000E+25
