 PDE 2010 05 19 10 30 10.40  -54.8000 -135.2500  10.0 6.0 6.0 PACIFIC-ANTARCTIC RIDGE
event name:   C201005191030A
time shift:           3.5000
half duration:        2.3000
latitude:           -54.7200
longitude:         -135.4900
depth:               14.9000
Mrr:           -1.210000E+24
Mtt:            8.370000E+24
Mpp:           -7.160000E+24
Mrt:            5.200000E+23
Mrp:            4.900000E+23
Mtp:            7.900000E+24
