 PDE 2018 03 26 09 51 00.40   -5.5000  151.4000  40.0 6.7 6.7 NEW BRITAIN REGION, P.N.G.
event name:   C201803260951A
time shift:           6.4000
half duration:        5.4000
latitude:            -5.6900
longitude:          151.3700
depth:               50.0000
Mrr:            1.240000E+26
Mtt:           -1.230000E+26
Mpp:           -9.000000E+23
Mrt:            3.000000E+25
Mrp:           -1.850000E+25
Mtp:           -4.320000E+25
