 PDE 2010 10 30 15 18 33.10  -56.5900 -142.2900  10.0 6.3 6.4 PACIFIC-ANTARCTIC RIDGE
event name:   C201010301518A
time shift:           8.0000
half duration:        3.4000
latitude:           -56.6400
longitude:         -142.6300
depth:               19.9000
Mrr:           -8.200000E+23
Mtt:            2.920000E+25
Mpp:           -2.840000E+25
Mrt:            1.120000E+24
Mrp:            1.920000E+24
Mtp:            1.830000E+25
