 PDE 2012 06 04 03 15 24.80    5.5100  -82.5600   7.0 6.3 6.3 SOUTH OF PANAMA
event name:   C201206040315A
time shift:           5.4000
half duration:        3.4000
latitude:             5.4200
longitude:          -82.6000
depth:               17.7000
Mrr:           -5.920000E+24
Mtt:            3.250000E+25
Mpp:           -2.660000E+25
Mrt:            6.070000E+24
Mrp:            4.070000E+24
Mtp:            1.460000E+25
