 PDE 2014 04 02 16 13 26.70    7.9400  -82.3400  25.0 6.0 6.0 SOUTH OF PANAMA
event name:   C201404021613A
time shift:           3.6000
half duration:        2.4000
latitude:             7.8000
longitude:          -82.3800
depth:               32.2000
Mrr:           -9.400000E+23
Mtt:           -4.330000E+24
Mpp:            5.260000E+24
Mrt:           -1.640000E+24
Mrp:            2.800000E+24
Mtp:            1.000000E+25
