 PDE 2011 09 05 09 52 01.10  -15.3000 -173.6200  37.0 6.2 6.3 TONGA ISLANDS
event name:   C201109050952A
time shift:           6.7000
half duration:        3.1000
latitude:           -15.1800
longitude:         -173.4400
depth:               54.3000
Mrr:           -2.290000E+24
Mtt:            4.570000E+24
Mpp:           -2.280000E+24
Mrt:           -2.600000E+25
Mrp:            3.490000E+24
Mtp:            2.270000E+24
