 PDE 2010 03 14 08 08 04.00   37.7400  141.5900  32.0 6.5 6.5 NEAR EAST COAST OF HONSHU, JAPAN
event name:   C201003140808A
time shift:           4.3000
half duration:        4.5000
latitude:            37.7000
longitude:          141.9800
depth:               45.9000
Mrr:            5.550000E+25
Mtt:           -2.820000E+24
Mpp:           -5.270000E+25
Mrt:            1.830000E+25
Mrp:            4.970000E+25
Mtp:           -2.070000E+25
