 PDE 2019 12 14 04 57 34.90  -14.3600  167.7100   7.5 5.9 6.0 VANUATU ISLANDS
event name:   C201912140457A
time shift:           2.3000
half duration:        2.2000
latitude:           -14.3400
longitude:          167.7300
depth:               12.0000
Mrr:            6.120000E+24
Mtt:            2.260000E+24
Mpp:           -8.380000E+24
Mrt:            1.660000E+24
Mrp:            1.470000E+24
Mtp:            4.550000E+24
