 PDE 2016 04 19 05 25 39.90  -55.7300  -27.2300  14.0 6.3 6.2 SOUTH SANDWICH ISLANDS REGION
event name:   C201604190525A
time shift:           7.4000
half duration:        3.3000
latitude:           -55.5900
longitude:          -27.0500
depth:               21.0000
Mrr:            2.230000E+25
Mtt:           -1.490000E+25
Mpp:           -7.410000E+24
Mrt:           -1.650000E+25
Mrp:            1.190000E+25
Mtp:            1.170000E+25
