 PDE 2012 04 17 19 03 56.40  -59.0100  -16.6200  12.0 6.2 6.2 EAST OF SOUTH SANDWICH ISLANDS
event name:   C201204171903A
time shift:           4.2000
half duration:        3.0000
latitude:           -59.2600
longitude:          -16.3400
depth:               13.1000
Mrr:           -1.020000E+25
Mtt:           -5.370000E+24
Mpp:            1.560000E+25
Mrt:            5.300000E+23
Mrp:            3.150000E+24
Mtp:            1.960000E+25
