 PDE 2012 09 03 06 49 49.70    6.6100  123.8800  12.0 5.9 5.8 MINDANAO, PHILIPPINES
event name:   C201209030649A
time shift:           3.2000
half duration:        2.1000
latitude:             6.6800
longitude:          123.7600
depth:               12.4000
Mrr:            4.960000E+24
Mtt:            2.090000E+23
Mpp:           -5.170000E+24
Mrt:           -1.110000E+24
Mrp:           -6.160000E+24
Mtp:           -2.940000E+23
