 PDE 2019 12 10 17 05 02.10   30.7300  141.7200  11.0 5.9 5.9 SOUTHEAST OF HONSHU, JAPAN
event name:   C201912101705A
time shift:           6.0000
half duration:        2.2000
latitude:            30.7000
longitude:          141.8100
depth:               18.5000
Mrr:            6.530000E+24
Mtt:            9.800000E+23
Mpp:           -7.510000E+24
Mrt:            5.200000E+23
Mrp:            4.890000E+24
Mtp:            1.560000E+24
