 PDE 2017 05 08 17 00 47.50   51.7500 -178.6000  13.0 6.2 6.2 ANDREANOF ISLANDS, ALEUTIAN IS.
event name:   C201705081700A
time shift:           2.8000
half duration:        3.1000
latitude:            51.7600
longitude:         -178.3800
depth:               12.0000
Mrr:           -1.050000E+25
Mtt:           -8.130000E+24
Mpp:            1.860000E+25
Mrt:            3.000000E+24
Mrp:           -1.720000E+24
Mtp:           -2.190000E+25
