 PDE 2019 06 26 05 23 51.60    8.4700  -82.7600  33.8 6.3 6.2 PANAMA-COSTA RICA BORDER REGION
event name:   C201906260523A
time shift:           1.1000
half duration:        3.3000
latitude:             8.3400
longitude:          -82.8700
depth:               33.2000
Mrr:            5.350000E+24
Mtt:            2.410000E+25
Mpp:           -2.950000E+25
Mrt:           -4.260000E+24
Mrp:            8.200000E+23
Mtp:            1.490000E+25
