 PDE 2015 05 23 19 28 17.40   -4.7800  152.5900  31.8 5.8 5.9 NEW BRITAIN REGION, P.N.G.
event name:   C201505231928A
time shift:           4.1000
half duration:        2.0000
latitude:            -5.0200
longitude:          152.6200
depth:               43.6000
Mrr:            5.750000E+24
Mtt:           -5.980000E+24
Mpp:            2.230000E+23
Mrt:            3.360000E+24
Mrp:           -9.300000E+22
Mtp:           -2.210000E+24
