 PDE 2016 06 07 19 15 15.30    1.2800  126.3700  31.0 6.4 6.3 NORTHERN MOLUCCA SEA
event name:   C201606071915A
time shift:           4.2000
half duration:        3.7000
latitude:             1.4100
longitude:          126.3500
depth:               31.4000
Mrr:            4.020000E+25
Mtt:           -3.270000E+24
Mpp:           -3.690000E+25
Mrt:           -1.080000E+25
Mrp:           -2.000000E+23
Mtp:           -1.750000E+25
