 PDE 2016 10 27 11 53 17.20   53.5800 -163.2600  13.9 5.9 5.9 UNIMAK ISLAND REGION, ALASKA
event name:   C201610271153A
time shift:           5.2000
half duration:        2.1000
latitude:            53.5500
longitude:         -163.1100
depth:               17.1000
Mrr:            4.740000E+24
Mtt:           -3.650000E+24
Mpp:           -1.090000E+24
Mrt:            5.590000E+24
Mrp:            2.200000E+24
Mtp:           -2.530000E+24
