 PDE 2015 09 18 15 59 42.60   15.2800  -45.9900  10.0 6.0 6.0 NORTHERN MID-ATLANTIC RIDGE
event name:   C201509181559A
time shift:           3.1000
half duration:        2.4000
latitude:            15.3800
longitude:          -45.8100
depth:               12.0000
Mrr:            1.100000E+23
Mtt:           -3.490000E+24
Mpp:            3.380000E+24
Mrt:            2.100000E+24
Mrp:            7.000000E+23
Mtp:           -1.140000E+25
