 PDE 2019 05 23 08 45 17.80   51.3100 -178.2400  30.0 6.0 6.0 ANDREANOF ISLANDS, ALEUTIAN IS.
event name:   C201905230845A
time shift:           2.6000
half duration:        2.5000
latitude:            51.2600
longitude:         -178.2300
depth:               38.7000
Mrr:            1.050000E+25
Mtt:           -1.050000E+25
Mpp:            0.000000E+00
Mrt:            5.890000E+24
Mrp:            5.910000E+24
Mtp:           -3.770000E+24
