 PDE 2015 01 07 03 06 45.40  -36.3200 -103.6700  10.0 6.0 5.2 SOUTHEAST OF EASTER ISLAND
event name:   C201501070306A
time shift:           1.8000
half duration:        2.4000
latitude:           -35.8800
longitude:         -103.3700
depth:               20.1000
Mrr:           -6.000000E+23
Mtt:           -2.330000E+24
Mpp:            2.940000E+24
Mrt:            6.700000E+23
Mrp:           -1.640000E+24
Mtp:           -1.080000E+25
