 PDE 2016 12 06 22 03 33.40    5.2800   96.1700  13.0 6.6 6.5 NORTHERN SUMATRA, INDONESIA
event name:   C201612062203A
time shift:           6.1000
half duration:        4.7000
latitude:             5.2800
longitude:           96.2200
depth:               17.5000
Mrr:            1.450000E+25
Mtt:           -7.480000E+25
Mpp:            6.030000E+25
Mrt:           -4.920000E+25
Mrp:            1.860000E+25
Mtp:            3.430000E+25
