 PDE 2014 07 04 15 00 27.90   -6.2300  152.8100  20.0 6.4 6.5 NEW BRITAIN REGION, P.N.G.
event name:   C201407041500A
time shift:           4.1000
half duration:        3.8000
latitude:            -6.3900
longitude:          152.8900
depth:               12.4000
Mrr:           -4.500000E+25
Mtt:            3.800000E+25
Mpp:            7.070000E+24
Mrt:           -2.100000E+25
Mrp:           -5.000000E+23
Mtp:           -1.420000E+24
