 PDE 2013 04 19 17 51 41.40  -11.9800  121.6300  15.2 5.8 5.8 SOUTH OF TIMOR, INDONESIA
event name:   C201304191751A
time shift:           5.5000
half duration:        2.0000
latitude:           -12.0100
longitude:          121.7100
depth:               29.5000
Mrr:           -1.350000E+24
Mtt:            5.410000E+24
Mpp:           -4.060000E+24
Mrt:           -3.210000E+24
Mrp:           -3.580000E+24
Mtp:           -7.360000E+23
