 PDE 2010 06 15 04 26 58.50   32.7000 -115.9200   5.4 5.8 5.8 CALIF.-BAJA CALIF. BORDER REGION
event name:   C201006150426A
time shift:           2.9000
half duration:        1.9000
latitude:            32.6600
longitude:         -115.9800
depth:               13.4000
Mrr:           -1.770000E+24
Mtt:           -5.230000E+24
Mpp:            7.000000E+24
Mrt:           -5.860000E+23
Mrp:           -1.800000E+22
Mtp:           -1.300000E+24
