 PDE 2018 04 15 19 30 43.20    1.4100  126.8800  34.0 6.0 6.0 NORTHERN MOLUCCA SEA
event name:   C201804151930A
time shift:           4.2000
half duration:        2.5000
latitude:             1.5100
longitude:          126.8500
depth:               40.2000
Mrr:            2.180000E+24
Mtt:            9.600000E+24
Mpp:           -1.180000E+25
Mrt:            1.980000E+24
Mrp:            2.230000E+24
Mtp:           -8.040000E+24
