 PDE 2014 05 04 09 15 52.90  -24.6100  179.0900 527.0 6.6 6.6 SOUTH OF FIJI ISLANDS
event name:   C201405040915A
time shift:           3.9000
half duration:        4.7000
latitude:           -24.6700
longitude:          179.1200
depth:              529.6000
Mrr:           -7.520000E+25
Mtt:            1.230000E+25
Mpp:            6.290000E+25
Mrt:           -2.870000E+25
Mrp:           -1.770000E+25
Mtp:           -4.600000E+25
