 PDE 2016 01 26 03 10 20.80   -5.3000  153.2400  26.0 6.1 6.1 NEW IRELAND REGION, P.N.G.
event name:   C201601260310A
time shift:           3.8000
half duration:        2.7000
latitude:            -5.4300
longitude:          153.1900
depth:               27.0000
Mrr:           -1.110000E+25
Mtt:           -5.230000E+24
Mpp:            1.630000E+25
Mrt:            7.370000E+24
Mrp:            2.740000E+24
Mtp:            3.730000E+24
