 PDE 2018 10 10 21 13 14.30   -5.9200  151.1400  19.6 6.0 5.9 NEW BRITAIN REGION, P.N.G.
event name:   C201810102113A
time shift:           6.8000
half duration:        2.5000
latitude:            -6.1500
longitude:          151.2600
depth:               30.0000
Mrr:            1.180000E+25
Mtt:           -1.060000E+25
Mpp:           -1.180000E+24
Mrt:            6.280000E+24
Mrp:           -8.200000E+23
Mtp:           -2.830000E+24
