 PDE 2012 12 11 06 18 27.30    0.5300  126.2300  30.0 6.0 6.0 NORTHERN MOLUCCA SEA
event name:   C201212110618A
time shift:           4.6000
half duration:        2.5000
latitude:             0.6500
longitude:          126.2000
depth:               31.4000
Mrr:            8.860000E+24
Mtt:            2.830000E+24
Mpp:           -1.170000E+25
Mrt:           -4.600000E+23
Mrp:           -6.160000E+24
Mtp:           -7.190000E+24
