 PDE 2013 02 07 08 03 40.80  -11.0300  164.7800  11.0 5.8 5.8 SANTA CRUZ ISLANDS REGION
event name:   C201302070803A
time shift:           3.5000
half duration:        2.0000
latitude:           -11.1700
longitude:          164.7000
depth:               12.0000
Mrr:           -6.590000E+24
Mtt:            8.350000E+23
Mpp:            5.760000E+24
Mrt:           -2.390000E+24
Mrp:            7.280000E+23
Mtp:            5.390000E+23
