 PDE 2011 10 14 06 10 14.60   54.0800  123.7200  12.0 6.0 6.1 SOUTHEASTERN SIBERIA, RUSSIA
event name:   C201110140610A
time shift:           1.4000
half duration:        2.5000
latitude:            54.1700
longitude:          123.7700
depth:               21.8000
Mrr:           -1.190000E+24
Mtt:            5.920000E+24
Mpp:           -4.730000E+24
Mrt:            1.800000E+23
Mrp:           -1.810000E+24
Mtp:            1.260000E+25
