 PDE 2015 04 30 10 45 02.90   -5.3800  151.7700  31.0 6.6 6.7 NEW BRITAIN REGION, P.N.G.
event name:   C201504301045A
time shift:           6.7000
half duration:        4.9000
latitude:            -5.5800
longitude:          151.8300
depth:               38.3000
Mrr:            9.810000E+25
Mtt:           -8.680000E+25
Mpp:           -1.130000E+25
Mrt:            2.350000E+25
Mrp:            2.000000E+24
Mtp:           -3.770000E+25
