 PDE 2014 04 10 23 27 45.60   12.4000  -86.3800  13.0 6.1 6.1 NICARAGUA
event name:   C201404102327A
time shift:           4.0000
half duration:        2.8000
latitude:            12.4200
longitude:          -86.5400
depth:               15.3000
Mrr:           -3.830000E+24
Mtt:           -1.630000E+25
Mpp:            2.010000E+25
Mrt:           -3.380000E+24
Mrp:           -3.010000E+24
Mtp:           -5.990000E+24
