 PDE 2010 05 06 11 35 29.50  -55.7200 -127.9400  10.0 5.8 5.8 PACIFIC-ANTARCTIC RIDGE
event name:   C201005061135A
time shift:           4.9000
half duration:        2.0000
latitude:           -55.4900
longitude:         -128.1500
depth:               12.0000
Mrr:           -8.060000E+23
Mtt:            5.260000E+24
Mpp:           -4.450000E+24
Mrt:            6.300000E+22
Mrp:           -5.160000E+23
Mtp:            5.020000E+24
