 PDE 2013 02 06 10 20 34.30  -10.8500  165.2700  10.0 5.9 5.9 SANTA CRUZ ISLANDS
event name:   C201302061020A
time shift:           4.9000
half duration:        2.1000
latitude:           -10.7600
longitude:          165.2100
depth:               20.0000
Mrr:            5.490000E+23
Mtt:           -2.850000E+24
Mpp:            2.300000E+24
Mrt:            3.190000E+24
Mrp:           -6.330000E+24
Mtp:            3.100000E+24
