 PDE 2014 04 26 06 02 21.00  -20.7500 -174.7100  45.0 6.1 6.1 TONGA ISLANDS
event name:   C201404260602A
time shift:           4.2000
half duration:        2.9000
latitude:           -20.8000
longitude:         -174.2900
depth:               49.1000
Mrr:            1.530000E+25
Mtt:           -4.700000E+23
Mpp:           -1.490000E+25
Mrt:            7.970000E+24
Mrp:           -8.040000E+24
Mtp:            7.790000E+24
