 PDE 2016 01 25 04 22 02.70   35.6500   -3.6800  12.0 6.4 6.3 STRAIT OF GIBRALTAR
event name:   C201601250422A
time shift:           3.7000
half duration:        3.8000
latitude:            35.5900
longitude:           -3.6000
depth:               12.0000
Mrr:            1.610000E+24
Mtt:           -3.950000E+25
Mpp:            3.780000E+25
Mrt:            2.720000E+24
Mrp:           -1.920000E+25
Mtp:           -1.860000E+25
