 PDE 2014 07 14 07 59 57.30    5.7100  126.4800  20.0 6.2 6.3 MINDANAO, PHILIPPINES
event name:   C201407140759A
time shift:           6.2000
half duration:        3.3000
latitude:             5.6400
longitude:          126.5500
depth:               28.6000
Mrr:            2.240000E+25
Mtt:            4.020000E+24
Mpp:           -2.640000E+25
Mrt:            1.100000E+25
Mrp:            1.260000E+25
Mtp:           -9.200000E+23
