 PDE 2012 04 14 10 56 19.40  -57.6800  -65.3100  15.0 6.2 6.2 DRAKE PASSAGE
event name:   C201204141056A
time shift:           3.0000
half duration:        3.2000
latitude:           -57.5900
longitude:          -65.7600
depth:               19.9000
Mrr:            1.070000E+25
Mtt:            1.320000E+25
Mpp:           -2.390000E+25
Mrt:           -2.730000E+24
Mrp:            3.090000E+24
Mtp:            2.110000E+25
