 PDE 2011 03 22 09 19 06.20   37.3300  141.7900  31.0 6.2 6.3 NEAR EAST COAST OF HONSHU, JAPAN
event name:   C201103220919A
time shift:           3.4000
half duration:        3.1000
latitude:            37.3800
longitude:          141.7800
depth:               29.9000
Mrr:           -2.020000E+24
Mtt:            4.410000E+24
Mpp:           -2.390000E+24
Mrt:           -2.450000E+25
Mrp:            5.160000E+24
Mtp:            6.540000E+24
