 PDE 2011 11 11 10 41 37.50  -55.9800 -124.4400  10.0 6.0 6.1 SOUTHERN EAST PACIFIC RISE
event name:   C201111111041A
time shift:           5.4000
half duration:        2.5000
latitude:           -55.7200
longitude:         -124.5700
depth:               20.9000
Mrr:           -9.200000E+23
Mtt:            8.280000E+24
Mpp:           -7.360000E+24
Mrt:           -1.270000E+24
Mrp:           -2.100000E+23
Mtp:            1.090000E+25
