 PDE 2019 02 08 11 55 07.80    9.8500  126.5800  20.0 5.9 5.9 MINDANAO, PHILIPPINES
event name:   C201902081155A
time shift:           4.8000
half duration:        2.2000
latitude:             9.8500
longitude:          126.4100
depth:               20.8000
Mrr:           -6.360000E+24
Mtt:            4.000000E+24
Mpp:            2.360000E+24
Mrt:            5.190000E+24
Mrp:           -1.130000E+24
Mtp:           -4.810000E+24
