 PDE 2012 04 17 03 50 15.60  -32.6200  -71.3600  29.0 6.7 6.7 NEAR COAST OF CENTRAL CHILE
event name:   C201204170350A
time shift:           8.7000
half duration:        5.4000
latitude:           -32.7700
longitude:          -71.6900
depth:               39.6000
Mrr:            9.700000E+25
Mtt:            2.200000E+24
Mpp:           -9.930000E+25
Mrt:            9.100000E+24
Mrp:           -9.080000E+25
Mtp:            2.700000E+24
