 PDE 2018 08 21 22 32 26.50  -16.0300  168.1500   9.0 6.6 6.5 VANUATU ISLANDS
event name:   C201808212232A
time shift:           4.2000
half duration:        4.7000
latitude:           -16.0000
longitude:          168.2300
depth:               28.8000
Mrr:            9.730000E+25
Mtt:           -1.970000E+25
Mpp:           -7.760000E+25
Mrt:            8.000000E+23
Mrp:            1.590000E+25
Mtp:            2.600000E+24
