 PDE 2019 06 03 05 57 09.50    0.3800   97.7200  19.0 6.0 5.8 NORTHERN SUMATRA, INDONESIA
event name:   C201906030557A
time shift:           2.9000
half duration:        2.9000
latitude:             0.3500
longitude:           97.6500
depth:               14.0000
Mrr:            4.710000E+24
Mtt:           -2.300000E+24
Mpp:           -2.410000E+24
Mrt:            8.940000E+24
Mrp:           -8.640000E+24
Mtp:            2.290000E+24
