 PDE 2019 05 31 10 12 32.90    6.2800  126.4800  98.7 6.2 6.1 MINDANAO, PHILIPPINES
event name:   C201905311012A
time shift:           0.2000
half duration:        2.9000
latitude:             6.2200
longitude:          126.5400
depth:               87.9000
Mrr:            1.370000E+25
Mtt:            4.010000E+24
Mpp:           -1.770000E+25
Mrt:           -6.540000E+24
Mrp:            1.170000E+25
Mtp:            1.660000E+24
