 PDE 2016 04 07 03 32 53.50  -13.9800  166.5900  27.6 6.6 6.7 VANUATU ISLANDS
event name:   C201604070332A
time shift:           5.8000
half duration:        5.1000
latitude:           -13.9200
longitude:          166.5400
depth:               31.5000
Mrr:            1.100000E+26
Mtt:           -5.000000E+24
Mpp:           -1.050000E+26
Mrt:            2.330000E+25
Mrp:           -1.480000E+25
Mtp:            3.090000E+25
