 PDE 2013 09 04 06 27 05.50   51.5700 -174.9900  32.8 6.0 6.0 ANDREANOF ISLANDS, ALEUTIAN IS.
event name:   C201309040627A
time shift:           1.2000
half duration:        2.6000
latitude:            51.4100
longitude:         -174.8500
depth:               26.3000
Mrr:            9.530000E+24
Mtt:           -7.420000E+24
Mpp:           -2.110000E+24
Mrt:            1.090000E+25
Mrp:            2.430000E+24
Mtp:           -3.960000E+24
