 PDE 2011 09 03 04 48 57.30  -56.4500  -26.8500  84.0 6.4 6.4 SOUTH SANDWICH ISLANDS REGION
event name:   C201109030449A
time shift:           6.0000
half duration:        3.7000
latitude:           -56.5700
longitude:          -26.4400
depth:               98.9000
Mrr:            3.490000E+25
Mtt:           -2.350000E+24
Mpp:           -3.260000E+25
Mrt:           -2.010000E+25
Mrp:            1.050000E+25
Mtp:            1.810000E+25
