 PDE 2013 05 18 05 47 59.50   37.7400  141.4700  39.0 6.0 6.0 NEAR EAST COAST OF HONSHU, JAPAN
event name:   C201305180548A
time shift:           3.8000
half duration:        2.5000
latitude:            37.7100
longitude:          141.7200
depth:               49.6000
Mrr:            9.990000E+24
Mtt:           -1.450000E+24
Mpp:           -8.540000E+24
Mrt:            3.480000E+24
Mrp:            8.230000E+24
Mtp:           -3.560000E+24
