 PDE 2012 05 28 05 07 23.50  -28.0400  -63.0900 586.9 6.7 6.8 SANTIAGO DEL ESTERO PROV., ARG.
event name:   C201205280507A
time shift:           3.5000
half duration:        5.3000
latitude:           -28.2500
longitude:          -63.0700
depth:              591.6000
Mrr:           -7.020000E+25
Mtt:           -7.400000E+24
Mpp:            7.760000E+25
Mrt:           -5.000000E+25
Mrp:            9.640000E+25
Mtp:            1.090000E+25
