 PDE 2013 08 06 10 41 30.70  -22.5000  173.8000  10.0 5.8 5.8 SOUTHEAST OF LOYALTY ISLANDS
event name:   C201308061041A
time shift:           7.6000
half duration:        2.0000
latitude:           -22.5800
longitude:          173.8800
depth:               17.0000
Mrr:            6.010000E+24
Mtt:           -6.490000E+24
Mpp:            4.820000E+23
Mrt:            3.050000E+24
Mrp:           -4.030000E+23
Mtp:           -7.920000E+23
