 PDE 2016 11 01 19 03 30.10   -6.1000  148.6600  52.0 6.0 6.0 NEW BRITAIN REGION, P.N.G.
event name:   C201611011903A
time shift:           4.7000
half duration:        2.4000
latitude:            -6.3500
longitude:          148.7200
depth:               46.2000
Mrr:            1.040000E+25
Mtt:           -1.220000E+25
Mpp:            1.790000E+24
Mrt:            2.350000E+24
Mrp:           -4.800000E+23
Mtp:            5.200000E+23
