 PDE 2010 06 18 02 23 05.20   44.4500  148.6900  25.0 6.2 6.2 KURIL ISLANDS
event name:   C201006180223A
time shift:           6.0000
half duration:        2.9000
latitude:            44.3400
longitude:          148.9400
depth:               31.5000
Mrr:            1.390000E+25
Mtt:           -3.740000E+24
Mpp:           -1.020000E+25
Mrt:            4.550000E+24
Mrp:            1.450000E+25
Mtp:           -1.030000E+25
