 PDE 2011 07 25 00 50 47.60   -3.1800  150.6100  10.0 6.3 6.4 NEW IRELAND REGION, P.N.G.
event name:   C201107250050A
time shift:           4.8000
half duration:        3.5000
latitude:            -3.1300
longitude:          150.6100
depth:               15.0000
Mrr:           -2.890000E+24
Mtt:            3.910000E+25
Mpp:           -3.620000E+25
Mrt:           -1.010000E+24
Mrp:           -4.000000E+24
Mtp:            7.260000E+24
