 PDE 2011 01 12 21 32 55.20   26.9800  139.8700 527.9 6.5 6.5 BONIN ISLANDS, JAPAN REGION
event name:   C201101122132A
time shift:           3.0000
half duration:        4.4000
latitude:            26.9400
longitude:          139.9400
depth:              511.5000
Mrr:           -3.560000E+25
Mtt:            4.170000E+25
Mpp:           -6.130000E+24
Mrt:            2.320000E+25
Mrp:           -5.220000E+25
Mtp:           -2.610000E+25
