 PDE 2017 11 04 09 00 19.40  -15.3200 -173.1700  10.0 6.7 6.8 TONGA ISLANDS
event name:   C201711040900A
time shift:          11.9000
half duration:        5.6000
latitude:           -15.0600
longitude:         -173.0900
depth:               35.0000
Mrr:            3.430000E+25
Mtt:            2.190000E+25
Mpp:           -5.610000E+25
Mrt:           -1.120000E+26
Mrp:            3.500000E+24
Mtp:            8.550000E+25
