 PDE 2011 04 12 05 07 41.90   37.1100  140.3700  11.0 5.9 6.0 EASTERN HONSHU, JAPAN
event name:   C201104120507A
time shift:           3.5000
half duration:        2.3000
latitude:            37.0800
longitude:          140.6300
depth:               18.5000
Mrr:            2.410000E+24
Mtt:            2.220000E+24
Mpp:           -4.630000E+24
Mrt:            5.530000E+24
Mrp:            1.080000E+24
Mtp:           -7.330000E+24
