 PDE 2013 05 19 18 44 10.90   52.3400  160.0700  18.0 5.9 6.1 OFF EAST COAST OF KAMCHATKA
event name:   C201305191844A
time shift:           3.7000
half duration:        2.3000
latitude:            52.1600
longitude:          160.6100
depth:               21.3000
Mrr:            7.500000E+24
Mtt:           -2.580000E+24
Mpp:           -4.930000E+24
Mrt:            4.690000E+24
Mrp:            5.180000E+24
Mtp:           -3.530000E+24
