 PDE 2018 10 10 20 59 00.80   -5.9100  151.0600  45.1 6.1 5.9 NEW BRITAIN REGION, P.N.G.
event name:   C201810102059A
time shift:           4.2000
half duration:        2.7000
latitude:            -6.0200
longitude:          151.1500
depth:               34.6000
Mrr:            1.770000E+25
Mtt:           -1.470000E+25
Mpp:           -2.950000E+24
Mrt:            6.220000E+24
Mrp:           -2.400000E+24
Mtp:           -3.230000E+24
