 PDE 2014 11 26 14 33 43.60    1.9600  126.5700  39.0 6.8 6.8 NORTHERN MOLUCCA SEA
event name:   C201411261433A
time shift:           6.4000
half duration:        5.9000
latitude:             2.1100
longitude:          126.4400
depth:               35.2000
Mrr:            1.580000E+26
Mtt:           -3.930000E+25
Mpp:           -1.180000E+26
Mrt:           -2.030000E+25
Mrp:           -7.390000E+25
Mtp:           -8.260000E+25
