 PDE 2012 05 26 21 48 10.10   26.9100  140.0500 487.4 6.0 6.0 BONIN ISLANDS, JAPAN REGION
event name:   C201205262148A
time shift:           1.7000
half duration:        2.3000
latitude:            26.8700
longitude:          140.1700
depth:              472.1000
Mrr:           -7.430000E+24
Mtt:            3.380000E+24
Mpp:            4.060000E+24
Mrt:           -3.260000E+24
Mrp:           -3.530000E+24
Mtp:           -7.340000E+24
