 PDE 2013 01 31 03 33 43.70  -10.6400  166.3700   9.0 6.1 6.1 SANTA CRUZ ISLANDS
event name:   C201301310333A
time shift:           4.2000
half duration:        2.9000
latitude:           -10.6400
longitude:          166.4800
depth:               12.0000
Mrr:           -2.010000E+25
Mtt:            6.920000E+24
Mpp:            1.310000E+25
Mrt:           -1.230000E+24
Mrp:            1.100000E+23
Mtp:           -1.070000E+25
