 PDE 2016 09 01 19 18 32.30  -37.2300  178.6000  10.5 5.8 5.5 OFF E. COAST OF N. ISLAND, N.Z.
event name:   C201609011918A
time shift:           6.0000
half duration:        2.0000
latitude:           -37.3700
longitude:          178.8800
depth:               36.7000
Mrr:           -7.170000E+24
Mtt:            1.920000E+24
Mpp:            5.250000E+24
Mrt:            2.380000E+24
Mrp:           -1.250000E+23
Mtp:            3.200000E+24
