 PDE 2014 05 11 12 35 17.50  -47.8500   99.6900  10.0 5.9 5.8 SOUTHEAST INDIAN RIDGE
event name:   C201405111235A
time shift:           1.9000
half duration:        2.2000
latitude:           -47.7600
longitude:           99.7500
depth:               12.0000
Mrr:           -4.000000E+22
Mtt:            8.470000E+24
Mpp:           -8.430000E+24
Mrt:           -3.400000E+23
Mrp:            2.900000E+23
Mtp:            3.460000E+24
