 PDE 2013 02 02 18 58 06.50  -10.8900  165.2800   6.0 5.9 6.0 SANTA CRUZ ISLANDS
event name:   C201302021858A
time shift:           5.9000
half duration:        2.3000
latitude:           -11.0400
longitude:          165.1900
depth:               12.0000
Mrr:            5.690000E+24
Mtt:            2.070000E+24
Mpp:           -7.760000E+24
Mrt:            3.790000E+24
Mrp:           -4.760000E+24
Mtp:            4.440000E+24
