 PDE 2019 01 18 13 18 31.00  -19.2000  168.7400  38.7 6.0 6.0 VANUATU ISLANDS
event name:   C201901181318A
time shift:           4.1000
half duration:        2.6000
latitude:           -19.1700
longitude:          168.4700
depth:               48.2000
Mrr:            1.390000E+25
Mtt:           -4.900000E+23
Mpp:           -1.340000E+25
Mrt:           -4.700000E+23
Mrp:            6.700000E+23
Mtp:            5.040000E+24
