 PDE 2012 11 13 04 31 26.80  -45.7600  -77.0500   9.0 6.0 6.1 OFF COAST OF SOUTHERN CHILE
event name:   C201211130431A
time shift:           3.8000
half duration:        2.5000
latitude:           -45.8000
longitude:          -77.5400
depth:               17.9000
Mrr:           -3.400000E+23
Mtt:            5.970000E+24
Mpp:           -5.630000E+24
Mrt:            1.660000E+24
Mrp:           -2.550000E+24
Mtp:           -1.250000E+25
