 PDE 2012 03 17 19 50 20.60  -34.9000 -107.6400  11.8 5.9 5.8 SOUTHERN EAST PACIFIC RISE
event name:   C201203171950A
time shift:           5.7000
half duration:        2.1000
latitude:           -35.0900
longitude:         -107.7900
depth:               18.2000
Mrr:           -3.570000E+23
Mtt:           -2.360000E+24
Mpp:            2.720000E+24
Mrt:            6.700000E+23
Mrp:           -1.870000E+24
Mtp:           -7.470000E+24
