 PDE 2016 07 10 13 44 40.70  -15.0800 -173.2000   8.0 5.9 6.0 TONGA ISLANDS
event name:   C201607101344A
time shift:           8.2000
half duration:        2.3000
latitude:           -15.0600
longitude:         -172.9500
depth:               15.5000
Mrr:            2.950000E+24
Mtt:            2.910000E+24
Mpp:           -5.870000E+24
Mrt:            2.920000E+24
Mrp:            6.500000E+24
Mtp:            4.520000E+24
