 PDE 2011 07 19 19 35 43.50   40.0800   71.4100  20.0 6.2 6.1 TAJIKISTAN
event name:   C201107191935A
time shift:           5.0000
half duration:        2.9000
latitude:            40.2800
longitude:           71.3600
depth:               28.8000
Mrr:            1.330000E+25
Mtt:           -1.680000E+25
Mpp:            3.500000E+24
Mrt:           -1.470000E+25
Mrp:            7.000000E+22
Mtp:           -2.900000E+24
