 PDE 2018 01 24 10 51 19.10   41.1000  142.4300  31.0 6.4 6.3 HOKKAIDO, JAPAN REGION
event name:   C201801241051A
time shift:           5.3000
half duration:        4.0000
latitude:            41.0700
longitude:          142.5500
depth:               43.6000
Mrr:            3.970000E+25
Mtt:            1.580000E+24
Mpp:           -4.130000E+25
Mrt:            1.790000E+25
Mrp:            3.320000E+25
Mtp:           -1.120000E+25
