 PDE 2010 09 08 11 37 31.90  -20.6700  169.8200  10.0 6.3 6.3 VANUATU ISLANDS
event name:   C201009081137A
time shift:           5.7000
half duration:        3.4000
latitude:           -20.5200
longitude:          170.0600
depth:               14.1000
Mrr:           -3.460000E+24
Mtt:           -2.310000E+25
Mpp:            2.660000E+25
Mrt:            5.320000E+24
Mrp:            1.240000E+24
Mtp:           -2.010000E+25
