 PDE 2014 03 05 09 56 57.80  -14.7400  169.8200 638.0 6.4 6.3 VANUATU ISLANDS
event name:   C201403050956A
time shift:           5.7000
half duration:        3.8000
latitude:           -14.6400
longitude:          169.8000
depth:              660.6000
Mrr:           -3.070000E+24
Mtt:            1.800000E+25
Mpp:           -1.490000E+25
Mrt:           -2.640000E+25
Mrp:            3.330000E+25
Mtp:           -6.850000E+24
