 PDE 2010 02 06 04 44 58.40   46.8400  152.7300  30.0 6.0 6.0 KURIL ISLANDS
event name:   C201002060444A
time shift:           6.5000
half duration:        2.4000
latitude:            46.6500
longitude:          152.9600
depth:               51.2000
Mrr:            7.620000E+24
Mtt:           -8.960000E+24
Mpp:            1.340000E+24
Mrt:            7.620000E+24
Mrp:           -2.800000E+24
Mtp:           -4.140000E+24
