 PDE 2017 11 19 16 08 05.80  -21.2000  168.5800   5.9 5.9 5.9 LOYALTY ISLANDS
event name:   C201711191608A
time shift:           6.5000
half duration:        2.1000
latitude:           -21.3200
longitude:          168.5400
depth:               17.7000
Mrr:           -6.280000E+24
Mtt:            1.100000E+24
Mpp:            5.180000E+24
Mrt:           -2.040000E+24
Mrp:            4.270000E+24
Mtp:           -1.770000E+24
