 PDE 2012 12 14 10 36 01.60   31.0900 -119.6600  13.0 6.4 6.4 OFF W. COAST OF BAJA CALIFORNIA
event name:   C201212141036A
time shift:           3.1000
half duration:        3.7000
latitude:            31.0800
longitude:         -119.6100
depth:               21.1000
Mrr:           -4.030000E+25
Mtt:            9.030000E+24
Mpp:            3.130000E+25
Mrt:           -5.300000E+24
Mrp:           -7.640000E+24
Mtp:            2.590000E+25
