 PDE 2016 07 26 05 49 19.10   -0.2700  -18.6400  10.0 6.0 5.9 CENTRAL MID-ATLANTIC RIDGE
event name:   C201607260549A
time shift:           5.1000
half duration:        2.4000
latitude:            -0.0900
longitude:          -18.6300
depth:               27.6000
Mrr:           -3.800000E+23
Mtt:            3.970000E+24
Mpp:           -3.600000E+24
Mrt:            2.650000E+24
Mrp:           -2.300000E+24
Mtp:           -1.020000E+25
