 PDE 2014 08 27 23 11 34.20  -15.0500  167.3900 115.2 5.9 5.9 VANUATU ISLANDS
event name:   C201408272311A
time shift:           2.5000
half duration:        2.3000
latitude:           -15.0500
longitude:          167.2400
depth:              120.4000
Mrr:            9.710000E+24
Mtt:           -4.500000E+23
Mpp:           -9.260000E+24
Mrt:           -6.800000E+23
Mrp:           -1.290000E+24
Mtp:           -2.530000E+24
