 PDE 2011 03 15 13 31 46.30   35.2700  138.5800   9.0 6.0 6.0 EASTERN HONSHU, JAPAN
event name:   C201103151331A
time shift:           5.7000
half duration:        2.3000
latitude:            35.2700
longitude:          138.5800
depth:               19.3000
Mrr:            3.820000E+24
Mtt:           -1.030000E+25
Mpp:            6.510000E+24
Mrt:            4.200000E+23
Mrp:            2.040000E+24
Mtp:           -6.600000E+24
