 PDE 2010 03 14 00 57 44.70   -1.6900  128.1300  53.0 6.5 6.4 HALMAHERA, INDONESIA
event name:   C201003140057A
time shift:           5.2000
half duration:        4.1000
latitude:            -1.6000
longitude:          128.0900
depth:               58.0000
Mrr:            9.900000E+23
Mtt:            5.350000E+25
Mpp:           -5.450000E+25
Mrt:            2.040000E+25
Mrp:            8.730000E+24
Mtp:            7.490000E+24
