 PDE 2011 04 30 08 19 16.30    6.8800  -82.3500   8.0 6.2 6.2 SOUTH OF PANAMA
event name:   C201104300819A
time shift:           6.5000
half duration:        3.0000
latitude:             6.8800
longitude:          -82.3900
depth:               20.6000
Mrr:           -1.280000E+24
Mtt:            4.750000E+24
Mpp:           -3.460000E+24
Mrt:            2.790000E+24
Mrp:           -2.000000E+23
Mtp:            2.310000E+25
