 PDE 2015 05 12 21 12 58.90   38.9100  142.0300  35.0 6.8 6.8 NEAR EAST COAST OF HONSHU, JAPAN
event name:   C201505122112A
time shift:           7.2000
half duration:        6.2000
latitude:            38.8900
longitude:          142.2900
depth:               43.9000
Mrr:            1.370000E+26
Mtt:           -2.700000E+24
Mpp:           -1.340000E+26
Mrt:            6.800000E+25
Mrp:            1.300000E+26
Mtp:           -3.820000E+25
