 PDE 2015 08 13 10 39 53.80  -37.0100   78.0600  10.0 6.0 6.0 MID-INDIAN RIDGE
event name:   C201508131039A
time shift:           5.6000
half duration:        2.3000
latitude:           -36.7900
longitude:           78.4900
depth:               12.0000
Mrr:            8.000000E+22
Mtt:           -1.080000E+25
Mpp:            1.070000E+25
Mrt:            4.500000E+23
Mrp:            1.710000E+24
Mtp:            1.050000E+24
