 PDE 2015 04 16 18 07 43.00   35.1500   26.8300  20.0 6.1 6.0 CRETE, GREECE
event name:   C201504161807A
time shift:           5.0000
half duration:        3.1000
latitude:            35.0300
longitude:           26.8500
depth:               24.0000
Mrr:            5.480000E+24
Mtt:           -1.230000E+25
Mpp:            6.850000E+24
Mrt:           -3.620000E+24
Mrp:            1.800000E+25
Mtp:           -3.050000E+24
