 PDE 2011 08 20 17 13 06.40  -18.3100  168.1600  35.0 6.5 6.5 VANUATU ISLANDS
event name:   C201108201713A
time shift:           8.4000
half duration:        4.6000
latitude:           -18.3100
longitude:          167.8800
depth:               33.6000
Mrr:            7.110000E+25
Mtt:           -1.200000E+24
Mpp:           -6.990000E+25
Mrt:            8.900000E+24
Mrp:           -3.600000E+25
Mtp:            2.140000E+25
