 PDE 2013 04 16 22 55 26.70   -3.2100  142.5400  13.0 6.6 6.6 NEAR N COAST OF NEW GUINEA, PNG.
event name:   C201304162255A
time shift:           6.9000
half duration:        4.9000
latitude:            -3.1300
longitude:          142.6100
depth:               18.4000
Mrr:            5.310000E+25
Mtt:           -2.380000E+25
Mpp:           -2.930000E+25
Mrt:           -7.200000E+24
Mrp:            7.200000E+25
Mtp:            5.200000E+25
