 PDE 2011 09 22 23 07 03.60  -15.4400 -175.3100  10.0 6.4 6.4 TONGA ISLANDS
event name:   C201109222307A
time shift:           6.0000
half duration:        3.7000
latitude:           -15.2000
longitude:         -175.0200
depth:               12.0000
Mrr:           -3.680000E+24
Mtt:            2.570000E+25
Mpp:           -2.200000E+25
Mrt:            6.820000E+24
Mrp:           -5.310000E+24
Mtp:            3.580000E+25
