 PDE 2014 02 26 21 13 40.10   53.6000 -171.8200 265.0 6.1 6.1 FOX ISLANDS, ALEUTIAN ISLANDS
event name:   C201402262113B
time shift:           4.3000
half duration:        2.8000
latitude:            53.6000
longitude:         -171.8700
depth:              274.9000
Mrr:            3.030000E+24
Mtt:           -5.910000E+24
Mpp:            2.880000E+24
Mrt:            1.470000E+25
Mrp:           -1.110000E+25
Mtp:           -5.870000E+24
