 PDE 2010 01 25 22 52 46.50   -8.5000  -74.4700 146.7 5.9 5.9 PERU-BRAZIL BORDER REGION
event name:   C201001252252A
time shift:           2.2000
half duration:        2.1000
latitude:            -8.5300
longitude:          -74.5200
depth:              148.3000
Mrr:           -7.010000E+24
Mtt:            5.980000E+24
Mpp:            1.030000E+24
Mrt:            2.330000E+24
Mrp:           -5.650000E+24
Mtp:           -4.900000E+23
