 PDE 2012 10 23 09 39 30.70  -22.3100  171.6900 123.1 5.9 5.9 SOUTHEAST OF LOYALTY ISLANDS
event name:   C201210230939A
time shift:           1.7000
half duration:        2.1000
latitude:           -22.4000
longitude:          171.6900
depth:              112.8000
Mrr:            1.360000E+24
Mtt:           -4.160000E+24
Mpp:            2.800000E+24
Mrt:            5.530000E+24
Mrp:            2.600000E+24
Mtp:            4.320000E+24
