 PDE 2015 04 07 00 46 21.80  -15.1700 -173.2300  30.0 6.3 6.3 TONGA ISLANDS
event name:   C201504070046A
time shift:           5.0000
half duration:        3.4000
latitude:           -15.2500
longitude:         -173.1700
depth:               43.2000
Mrr:           -8.000000E+24
Mtt:            1.160000E+25
Mpp:           -3.620000E+24
Mrt:           -3.070000E+25
Mrp:            1.350000E+25
Mtp:            1.490000E+24
