 PDE 2019 02 12 12 34 16.50   19.0200  145.8000 144.3 6.1 6.0 MARIANA ISLANDS
event name:   C201902121234A
time shift:           2.7000
half duration:        2.6000
latitude:            19.0100
longitude:          146.0500
depth:              139.0000
Mrr:           -1.230000E+24
Mtt:            6.320000E+24
Mpp:           -5.090000E+24
Mrt:           -9.260000E+24
Mrp:            2.410000E+24
Mtp:            1.060000E+25
