 PDE 2014 04 24 03 10 10.10   49.6400 -127.7300  10.0 6.6 6.5 VANCOUVER ISLAND, CANADA REGION
event name:   C201404240310A
time shift:           8.3000
half duration:        4.8000
latitude:            49.6500
longitude:         -127.5900
depth:               17.4000
Mrr:            1.800000E+24
Mtt:           -6.510000E+25
Mpp:            6.330000E+25
Mrt:            9.900000E+24
Mrp:           -3.450000E+25
Mtp:            5.930000E+25
