 PDE 2014 11 02 17 17 04.40  -61.2200  154.2800  10.0 6.0 6.0 BALLENY ISLANDS REGION
event name:   C201411021717A
time shift:           8.4000
half duration:        2.5000
latitude:           -61.0200
longitude:          153.7700
depth:               19.1000
Mrr:           -1.410000E+24
Mtt:            1.040000E+25
Mpp:           -9.000000E+24
Mrt:            8.400000E+23
Mrp:            2.390000E+24
Mtp:           -8.240000E+24
