 PDE 2011 02 26 02 10 24.20  -10.6200  164.9000  49.2 5.9 5.9 SANTA CRUZ ISLANDS REGION
event name:   C201102260210A
time shift:           3.8000
half duration:        2.2000
latitude:           -10.5800
longitude:          164.7800
depth:               59.3000
Mrr:            1.280000E+24
Mtt:            7.770000E+24
Mpp:           -9.050000E+24
Mrt:           -1.550000E+24
Mrp:           -1.180000E+24
Mtp:            3.460000E+24
