 PDE 2018 09 18 11 57 53.10   -8.3100  157.1900  17.0 5.9 5.9 SOLOMON ISLANDS
event name:   C201809181157A
time shift:           5.3000
half duration:        2.1000
latitude:            -8.3700
longitude:          156.9800
depth:               19.6000
Mrr:           -3.010000E+24
Mtt:            4.100000E+24
Mpp:           -1.090000E+24
Mrt:           -4.750000E+24
Mrp:            6.750000E+23
Mtp:            6.190000E+24
