 PDE 2013 02 07 07 19 51.50  -15.8100 -172.9700  18.0 5.8 5.8 SAMOA ISLANDS REGION
event name:   C201302070719A
time shift:           8.0000
half duration:        2.0000
latitude:           -15.7300
longitude:         -172.5800
depth:               20.9000
Mrr:            5.470000E+24
Mtt:            7.310000E+23
Mpp:           -6.200000E+24
Mrt:            1.520000E+24
Mrp:            3.650000E+24
Mtp:            5.300000E+22
