 PDE 2014 02 09 14 56 39.10   -5.9700  154.4300  41.8 5.9 6.0 SOLOMON ISLANDS
event name:   C201402091456A
time shift:           6.0000
half duration:        2.2000
latitude:            -6.1800
longitude:          154.2800
depth:               45.8000
Mrr:            9.430000E+24
Mtt:           -5.030000E+24
Mpp:           -4.410000E+24
Mrt:           -3.300000E+23
Mrp:           -1.500000E+23
Mtp:            5.050000E+24
