 PDE 2010 05 19 04 15 44.00   -5.0800  -77.5400 139.3 6.0 6.0 NORTHERN PERU
event name:   C201005190415A
time shift:           1.7000
half duration:        2.5000
latitude:            -5.1300
longitude:          -77.5500
depth:              132.2000
Mrr:           -1.200000E+25
Mtt:            1.130000E+24
Mpp:            1.080000E+25
Mrt:           -1.520000E+24
Mrp:            2.690000E+24
Mtp:           -6.130000E+24
