 PDE 2010 04 11 09 40 25.60  -10.8800  161.1200  21.0 6.8 7.0 SOLOMON ISLANDS
event name:   C201004110940A
time shift:           8.3000
half duration:        6.5000
latitude:           -11.0400
longitude:          161.1800
depth:               36.1000
Mrr:            1.980000E+26
Mtt:           -2.030000E+26
Mpp:            4.100000E+24
Mrt:            2.710000E+25
Mrp:           -2.680000E+25
Mtp:            1.410000E+26
