 PDE 2017 11 30 06 32 50.80   -1.0800  -23.4300  10.0 6.5 6.5 CENTRAL MID-ATLANTIC RIDGE
event name:   C201711300632A
time shift:           2.9000
half duration:        4.2000
latitude:            -0.9800
longitude:          -23.3500
depth:               15.2000
Mrr:           -7.690000E+24
Mtt:            1.700000E+25
Mpp:           -9.350000E+24
Mrt:            2.280000E+25
Mrp:            8.680000E+24
Mtp:           -5.740000E+25
