 PDE 2014 12 06 17 21 49.00    7.9800  -82.7300  15.0 6.0 6.0 SOUTH OF PANAMA
event name:   C201412061721A
time shift:           6.2000
half duration:        2.4000
latitude:             8.0000
longitude:          -82.7100
depth:               19.0000
Mrr:            1.030000E+25
Mtt:           -6.440000E+24
Mpp:           -3.820000E+24
Mrt:            4.120000E+24
Mrp:           -4.780000E+24
Mtp:            5.360000E+24
