 PDE 2012 02 03 03 46 21.10  -17.3800  167.2800   8.0 6.1 6.1 VANUATU ISLANDS
event name:   C201202030346A
time shift:           5.5000
half duration:        2.7000
latitude:           -17.4000
longitude:          167.1300
depth:               12.0000
Mrr:           -1.570000E+25
Mtt:           -3.900000E+23
Mpp:            1.610000E+25
Mrt:           -2.320000E+24
Mrp:            3.620000E+24
Mtp:            3.430000E+24
