 PDE 2015 09 26 21 40 35.40  -57.1000 -142.4400  10.0 6.0 5.9 PACIFIC-ANTARCTIC RIDGE
event name:   C201509262140A
time shift:           5.6000
half duration:        2.4000
latitude:           -56.6800
longitude:         -142.4900
depth:               23.8000
Mrr:           -6.100000E+23
Mtt:            1.030000E+25
Mpp:           -9.650000E+24
Mrt:           -5.900000E+23
Mrp:           -6.200000E+23
Mtp:            7.380000E+24
