 PDE 2018 07 06 01 40 04.60   51.5000  157.8400  45.0 6.2 6.1 NEAR EAST COAST OF KAMCHATKA
event name:   C201807060140A
time shift:           3.2000
half duration:        2.9000
latitude:            51.4000
longitude:          158.1600
depth:               61.7000
Mrr:            1.450000E+25
Mtt:           -1.540000E+25
Mpp:            9.500000E+23
Mrt:           -1.190000E+25
Mrp:           -8.190000E+24
Mtp:           -6.030000E+24
