 PDE 2011 01 09 17 21 51.70  -19.2000  168.1500  18.0 6.2 6.2 VANUATU ISLANDS
event name:   C201101091721A
time shift:           6.0000
half duration:        3.0000
latitude:           -19.3100
longitude:          168.1300
depth:               12.0000
Mrr:           -2.050000E+25
Mtt:            9.370000E+24
Mpp:            1.120000E+25
Mrt:           -9.590000E+24
Mrp:            2.500000E+24
Mtp:           -1.170000E+25
