 PDE 2010 05 31 10 16 02.40    6.9500  124.0000  35.0 6.0 5.9 MINDANAO, PHILIPPINES
event name:   C201005311016A
time shift:           1.0000
half duration:        2.3000
latitude:             6.9100
longitude:          123.9300
depth:               26.2000
Mrr:           -3.180000E+24
Mtt:            4.800000E+24
Mpp:           -1.630000E+24
Mrt:           -5.550000E+24
Mrp:           -5.150000E+24
Mtp:           -6.480000E+24
