 PDE 2015 07 16 15 16 33.80   13.8700  -58.5400  20.0 6.5 6.5 NORTH ATLANTIC OCEAN
event name:   C201507161516A
time shift:           3.8000
half duration:        4.1000
latitude:            13.9200
longitude:          -58.3800
depth:               19.4000
Mrr:           -7.550000E+24
Mtt:           -5.420000E+25
Mpp:            6.180000E+25
Mrt:            2.540000E+24
Mrp:            2.910000E+24
Mtp:            1.360000E+25
