 PDE 2010 03 05 16 07 00.70   -3.7600  100.9800  26.0 6.7 6.8 SOUTHERN SUMATRA, INDONESIA
event name:   C201003051606A
time shift:           7.1000
half duration:        5.0000
latitude:            -4.0400
longitude:          100.5200
depth:               20.0000
Mrr:            5.020000E+25
Mtt:           -2.610000E+25
Mpp:           -2.410000E+25
Mrt:            9.620000E+25
Mrp:           -6.300000E+25
Mtp:            2.680000E+25
