 PDE 2011 03 22 07 18 45.40   37.2400  144.0000  11.0 6.4 6.5 OFF EAST COAST OF HONSHU, JAPAN
event name:   C201103220718A
time shift:           6.1000
half duration:        3.9000
latitude:            37.1100
longitude:          144.0000
depth:               12.3000
Mrr:           -4.820000E+25
Mtt:            1.860000E+25
Mpp:            2.960000E+25
Mrt:            1.380000E+24
Mrp:            1.610000E+25
Mtp:            2.570000E+25
