 PDE 2010 01 03 04 11 39.50   -5.3000  145.8600  34.0 5.8 5.8 EASTERN NEW GUINEA REG., P.N.G.
event name:   C201001030411A
time shift:           5.9000
half duration:        2.0000
latitude:            -5.3300
longitude:          145.8500
depth:               41.0000
Mrr:            5.610000E+24
Mtt:           -4.150000E+23
Mpp:           -5.190000E+24
Mrt:            2.010000E+24
Mrp:           -2.300000E+24
Mtp:            3.150000E+24
