 PDE 2012 02 02 13 34 40.70  -17.8300  167.1300  23.0 7.0 7.1 VANUATU ISLANDS
event name:   C201202021334A
time shift:           8.5000
half duration:        8.0000
latitude:           -17.6900
longitude:          167.1100
depth:               20.5000
Mrr:           -2.920000E+26
Mtt:           -1.200000E+26
Mpp:            4.130000E+26
Mrt:           -9.170000E+25
Mrp:            8.960000E+25
Mtp:            2.360000E+26
