 PDE 2011 05 14 21 07 22.20   36.4100   70.7500 207.3 6.0 6.0 HINDU KUSH REGION, AFGHANISTAN
event name:   C201105142107A
time shift:           1.7000
half duration:        2.4000
latitude:            36.4500
longitude:           70.6200
depth:              210.2000
Mrr:            7.780000E+24
Mtt:           -6.570000E+24
Mpp:           -1.210000E+24
Mrt:            7.450000E+24
Mrp:           -5.160000E+24
Mtp:            2.280000E+24
