 PDE 2012 11 16 18 12 39.90   49.2800  155.4300  29.0 6.5 6.5 KURIL ISLANDS
event name:   C201211161812A
time shift:           5.1000
half duration:        4.2000
latitude:            49.2200
longitude:          155.8700
depth:               40.9000
Mrr:            5.800000E+25
Mtt:           -1.680000E+25
Mpp:           -4.120000E+25
Mrt:            1.440000E+25
Mrp:            2.510000E+25
Mtp:           -2.830000E+25
