 PDE 2016 09 20 16 21 16.50   30.5000  142.0500   9.0 6.0 6.1 SOUTHEAST OF HONSHU, JAPAN
event name:   C201609201621A
time shift:           4.4000
half duration:        2.4000
latitude:            30.5300
longitude:          142.0900
depth:               12.0000
Mrr:            1.020000E+25
Mtt:           -2.500000E+23
Mpp:           -9.920000E+24
Mrt:           -4.720000E+24
Mrp:            4.020000E+24
Mtp:            1.980000E+24
