 PDE 2014 03 11 22 03 09.80   -3.0900  148.5500   7.0 6.1 6.1 BISMARCK SEA
event name:   C201403112203A
time shift:           6.0000
half duration:        2.8000
latitude:            -3.1100
longitude:          148.5100
depth:               12.0000
Mrr:           -6.700000E+23
Mtt:            1.390000E+25
Mpp:           -1.320000E+25
Mrt:            2.570000E+24
Mrp:            3.530000E+24
Mtp:            1.360000E+25
