 PDE 2013 03 01 12 53 51.10   50.9000  157.4500  33.0 6.4 6.4 KURIL ISLANDS
event name:   C201303011253A
time shift:           7.5000
half duration:        3.7000
latitude:            50.7000
longitude:          157.7500
depth:               44.4000
Mrr:            4.020000E+25
Mtt:           -9.400000E+24
Mpp:           -3.080000E+25
Mrt:            9.460000E+24
Mrp:            1.640000E+25
Mtp:           -1.860000E+25
