 PDE 2016 03 08 05 36 28.40  -15.1100 -173.4300  33.0 6.0 5.9 TONGA ISLANDS
event name:   C201603080536A
time shift:           6.4000
half duration:        2.5000
latitude:           -15.1600
longitude:         -173.3700
depth:               54.8000
Mrr:           -1.130000E+24
Mtt:            2.500000E+24
Mpp:           -1.370000E+24
Mrt:           -1.250000E+25
Mrp:            2.620000E+24
Mtp:            1.180000E+24
