 PDE 2011 07 15 13 26 03.00  -60.7600  -23.5200  10.0 6.0 6.2 SOUTH SANDWICH ISLANDS REGION
event name:   C201107151326A
time shift:           4.8000
half duration:        2.6000
latitude:           -61.1200
longitude:          -22.8500
depth:               12.0000
Mrr:           -4.870000E+24
Mtt:            2.540000E+24
Mpp:            2.330000E+24
Mrt:            3.160000E+24
Mrp:            6.600000E+23
Mtp:            1.450000E+25
