 PDE 2014 02 07 08 40 13.60  -15.0700  167.3700 122.0 6.5 6.5 VANUATU ISLANDS
event name:   C201402070840A
time shift:           4.5000
half duration:        4.3000
latitude:           -15.1300
longitude:          167.2900
depth:              127.1000
Mrr:            6.590000E+25
Mtt:            3.730000E+24
Mpp:           -6.970000E+25
Mrt:           -1.360000E+25
Mrp:           -3.140000E+24
Mtp:           -1.150000E+25
