 PDE 2010 07 18 19 48 07.00   52.7700 -169.5600  25.7 6.0 6.0 FOX ISLANDS, ALEUTIAN ISLANDS
event name:   C201007181948A
time shift:           2.7000
half duration:        2.5000
latitude:            52.6000
longitude:         -169.4300
depth:               12.0000
Mrr:           -1.270000E+25
Mtt:            4.040000E+24
Mpp:            8.630000E+24
Mrt:            2.500000E+24
Mrp:            1.380000E+24
Mtp:           -7.680000E+24
