 PDE 2017 06 02 22 24 47.40   54.0300  170.9200   5.0 6.7 6.8 NEAR ISLANDS, ALEUTIAN ISLANDS
event name:   C201706022224A
time shift:           6.7000
half duration:        5.7000
latitude:            54.1400
longitude:          170.8300
depth:               13.1000
Mrr:            1.260000E+25
Mtt:           -1.660000E+26
Mpp:            1.540000E+26
Mrt:           -1.270000E+25
Mrp:            3.300000E+24
Mtp:           -3.190000E+25
