 PDE 2010 12 05 21 44 35.90  -36.3000 -101.0200  12.5 5.9 5.9 SOUTHEAST OF EASTER ISLAND
event name:   C201012052144A
time shift:           1.4000
half duration:        2.2000
latitude:           -36.2200
longitude:         -101.0800
depth:               18.6000
Mrr:           -9.790000E+23
Mtt:           -8.950000E+23
Mpp:            1.870000E+24
Mrt:            8.630000E+23
Mrp:           -4.310000E+23
Mtp:           -9.640000E+24
