 PDE 2016 09 01 20 06 10.00  -37.3200  178.7100  10.0 5.8 5.5 OFF E. COAST OF N. ISLAND, N.Z.
event name:   C201609012006A
time shift:           9.7000
half duration:        2.0000
latitude:           -37.5000
longitude:          178.6900
depth:               17.6000
Mrr:            4.700000E+22
Mtt:           -9.950000E+23
Mpp:            9.480000E+23
Mrt:            3.820000E+24
Mrp:            5.980000E+24
Mtp:           -1.770000E+24
