 PDE 2017 11 07 21 26 38.50   -4.2400  143.4900 110.6 6.5 6.5 NEW GUINEA, PAPUA NEW GUINEA
event name:   C201711072126A
time shift:           3.5000
half duration:        4.2000
latitude:            -4.2500
longitude:          143.4500
depth:              118.2000
Mrr:            4.740000E+25
Mtt:           -4.730000E+25
Mpp:           -6.000000E+22
Mrt:            4.540000E+25
Mrp:           -5.100000E+24
Mtp:           -1.040000E+24
