 PDE 2013 04 09 11 52 49.90   28.4300   51.5900  12.0 6.3 6.4 SOUTHERN IRAN
event name:   C201304091152A
time shift:           4.6000
half duration:        3.4000
latitude:            28.2700
longitude:           51.6200
depth:               12.0000
Mrr:            2.400000E+25
Mtt:           -8.460000E+24
Mpp:           -1.550000E+25
Mrt:           -7.180000E+24
Mrp:            4.970000E+24
Mtp:            3.100000E+25
