 PDE 2011 03 11 20 11 24.10   39.0100  142.6300  17.4 6.1 6.1 NEAR EAST COAST OF HONSHU, JAPAN
event name:   C201103112011A
time shift:           3.0000
half duration:        2.8000
latitude:            38.9800
longitude:          142.6800
depth:               12.0000
Mrr:           -1.930000E+25
Mtt:            1.080000E+25
Mpp:            8.520000E+24
Mrt:            4.050000E+24
Mrp:            3.300000E+23
Mtp:           -7.260000E+24
