 PDE 2011 06 16 00 03 35.80   -5.9300  151.0400  16.0 6.3 6.5 NEW BRITAIN REGION, P.N.G.
event name:   C201106160003A
time shift:           7.6000
half duration:        3.6000
latitude:            -6.1200
longitude:          151.2100
depth:               21.5000
Mrr:            3.480000E+24
Mtt:           -2.410000E+25
Mpp:            2.060000E+25
Mrt:            3.480000E+25
Mrp:           -1.250000E+25
Mtp:            5.630000E+24
