 PDE 2018 12 06 23 26 59.60  -22.3500  169.6400   9.0 5.9 5.9 SOUTHEAST OF LOYALTY ISLANDS
event name:   C201812062326A
time shift:           5.8000
half duration:        2.2000
latitude:           -22.2900
longitude:          169.6200
depth:               12.0000
Mrr:           -8.090000E+24
Mtt:            4.150000E+24
Mpp:            3.940000E+24
Mrt:            3.610000E+24
Mrp:           -7.600000E+23
Mtp:           -5.190000E+24
