 PDE 2018 09 14 15 50 17.80   -2.7400  138.7700  48.0 5.8 5.8 IRIAN JAYA, INDONESIA
event name:   C201809141550A
time shift:          -0.3000
half duration:        2.0000
latitude:            -2.7200
longitude:          138.8400
depth:               26.8000
Mrr:            6.180000E+24
Mtt:           -3.420000E+24
Mpp:           -2.760000E+24
Mrt:           -2.810000E+24
Mrp:            1.630000E+24
Mtp:            3.580000E+24
