 PDE 2014 10 08 02 40 53.10   23.8400 -108.3300  10.0 6.1 6.1 GULF OF CALIFORNIA
event name:   C201410080240A
time shift:           3.0000
half duration:        2.7000
latitude:            23.8500
longitude:         -108.6200
depth:               15.2000
Mrr:           -1.240000E+24
Mtt:           -1.610000E+25
Mpp:            1.740000E+25
Mrt:           -1.870000E+24
Mrp:           -3.900000E+23
Mtp:           -4.660000E+24
