 PDE 2012 11 10 14 57 50.70   -8.8700  -75.0700 129.0 6.0 6.0 CENTRAL PERU
event name:   C201211101457A
time shift:           0.9000
half duration:        2.5000
latitude:            -8.8800
longitude:          -75.1700
depth:              133.2000
Mrr:           -1.240000E+25
Mtt:            1.540000E+24
Mpp:            1.090000E+25
Mrt:           -2.600000E+23
Mrp:            3.170000E+24
Mtp:            5.590000E+24
