 PDE 2017 02 24 17 28 44.80  -23.2600 -178.8000 414.5 7.0 6.9 SOUTH OF FIJI ISLANDS
event name:   C201702241728A
time shift:          11.9000
half duration:        7.3000
latitude:           -23.4400
longitude:         -178.7700
depth:              417.9000
Mrr:           -1.010000E+26
Mtt:            1.210000E+25
Mpp:            8.850000E+25
Mrt:           -1.010000E+26
Mrp:           -3.000000E+26
Mtp:           -4.380000E+25
