 PDE 2015 06 01 20 11 30.60   44.5000 -129.9600  10.0 5.9 5.9 OFF COAST OF OREGON
event name:   C201506012011A
time shift:           1.8000
half duration:        2.3000
latitude:            44.3800
longitude:         -130.2300
depth:               13.3000
Mrr:           -1.000000E+24
Mtt:           -6.640000E+24
Mpp:            7.640000E+24
Mrt:            1.030000E+24
Mrp:            4.600000E+23
Mtp:           -6.850000E+24
