 PDE 2015 03 28 22 28 50.80    0.4000  121.9900 118.0 5.9 5.9 MINAHASSA PENINSULA, SULAWESI
event name:   C201503282228A
time shift:           1.6000
half duration:        2.2000
latitude:             0.4300
longitude:          122.0000
depth:              130.6000
Mrr:            7.080000E+24
Mtt:           -6.400000E+24
Mpp:           -6.900000E+23
Mrt:           -6.090000E+24
Mrp:            2.000000E+23
Mtp:           -2.590000E+24
