 PDE 2010 02 05 06 59 05.60  -47.9000   99.6600   1.0 6.2 6.2 SOUTHEAST INDIAN RIDGE
event name:   C201002050659A
time shift:           5.6000
half duration:        3.2000
latitude:           -47.8900
longitude:           99.5100
depth:               12.0000
Mrr:           -2.800000E+23
Mtt:            2.580000E+25
Mpp:           -2.550000E+25
Mrt:            2.260000E+24
Mrp:            1.000000E+24
Mtp:            8.790000E+24
