 PDE 2016 01 11 16 38 05.90    3.9000  126.8600  13.0 6.5 6.5 TALAUD ISLANDS, INDONESIA
event name:   C201601111638A
time shift:           5.7000
half duration:        4.3000
latitude:             3.8400
longitude:          127.0500
depth:               12.0000
Mrr:            5.060000E+25
Mtt:            8.970000E+24
Mpp:           -5.960000E+25
Mrt:            1.490000E+25
Mrp:            3.780000E+25
Mtp:           -5.050000E+24
