 PDE 2012 07 25 11 20 27.00   -9.6900  159.7300  20.0 6.5 6.5 SOLOMON ISLANDS
event name:   C201207251120A
time shift:           8.4000
half duration:        4.1000
latitude:            -9.8400
longitude:          159.7100
depth:               24.7000
Mrr:            1.620000E+24
Mtt:            1.880000E+24
Mpp:           -3.500000E+24
Mrt:            5.600000E+25
Mrp:           -5.540000E+24
Mtp:            1.680000E+25
