 PDE 2014 11 10 10 04 21.10  -22.7700  171.4500   7.0 5.9 5.9 SOUTHEAST OF LOYALTY ISLANDS
event name:   C201411101004A
time shift:           7.2000
half duration:        2.1000
latitude:           -22.7900
longitude:          171.4000
depth:               18.0000
Mrr:            2.160000E+24
Mtt:           -1.960000E+24
Mpp:           -2.010000E+23
Mrt:            7.030000E+24
Mrp:           -1.450000E+24
Mtp:            3.230000E+24
