 PDE 2017 11 17 22 34 19.40   29.8300   94.9800   8.0 6.5 6.4 EASTERN XIZANG-INDIA BORDER REG.
event name:   C201711172234A
time shift:           5.8000
half duration:        4.2000
latitude:            29.6900
longitude:           95.1400
depth:               12.0000
Mrr:            4.360000E+25
Mtt:           -2.700000E+25
Mpp:           -1.660000E+25
Mrt:           -2.760000E+25
Mrp:            3.490000E+25
Mtp:            2.680000E+25
