 PDE 2015 05 24 04 53 23.60  -16.8500  -14.1700  10.0 6.3 6.3 SOUTHERN MID-ATLANTIC RIDGE
event name:   C201505240453A
time shift:           5.1000
half duration:        3.5000
latitude:           -16.7800
longitude:          -14.1000
depth:               12.0000
Mrr:            3.660000E+25
Mtt:           -8.900000E+23
Mpp:           -3.570000E+25
Mrt:           -1.050000E+24
Mrp:           -1.180000E+24
Mtp:            5.220000E+24
