 PDE 2016 09 23 22 53 10.40    6.5700  126.4900  65.0 6.3 6.3 MINDANAO, PHILIPPINES
event name:   C201609232253A
time shift:           0.9000
half duration:        3.5000
latitude:             6.5500
longitude:          126.4900
depth:               63.2000
Mrr:            9.810000E+24
Mtt:            2.540000E+25
Mpp:           -3.520000E+25
Mrt:           -1.580000E+25
Mrp:            6.500000E+23
Mtp:           -6.990000E+24
