 PDE 2016 02 08 16 19 12.80   -6.6200  154.7400  29.0 6.4 6.4 SOLOMON ISLANDS
event name:   C201602081619A
time shift:           5.0000
half duration:        4.0000
latitude:            -6.8300
longitude:          154.5700
depth:               41.0000
Mrr:            5.060000E+25
Mtt:           -2.200000E+25
Mpp:           -2.850000E+25
Mrt:            6.990000E+24
Mrp:           -2.410000E+25
Mtp:            1.910000E+25
