 PDE 2016 11 23 21 23 36.90   37.2100  141.3200   9.0 5.8 5.9 NEAR EAST COAST OF HONSHU, JAPAN
event name:   C201611232123A
time shift:           2.7000
half duration:        2.0000
latitude:            37.1900
longitude:          141.2800
depth:               12.0000
Mrr:           -6.410000E+24
Mtt:            8.380000E+23
Mpp:            5.580000E+24
Mrt:            1.500000E+24
Mrp:            2.180000E+24
Mtp:            1.970000E+24
