 PDE 2011 11 14 04 05 11.40   -0.9500  126.9100  17.0 6.4 6.4 SOUTHERN MOLUCCA SEA
event name:   C201111140405A
time shift:           5.6000
half duration:        3.8000
latitude:            -0.9500
longitude:          126.8900
depth:               15.0000
Mrr:           -9.540000E+24
Mtt:            2.570000E+25
Mpp:           -1.620000E+25
Mrt:           -5.340000E+24
Mrp:           -4.210000E+25
Mtp:            1.700000E+25
