 PDE 2016 09 17 02 31 58.80  -16.0600  167.4900  31.0 5.8 5.8 VANUATU ISLANDS
event name:   C201609170231A
time shift:           2.6000
half duration:        2.0000
latitude:           -15.9300
longitude:          167.3100
depth:               42.2000
Mrr:            6.700000E+24
Mtt:           -6.130000E+23
Mpp:           -6.090000E+24
Mrt:           -1.670000E+24
Mrp:            4.600000E+23
Mtp:            3.310000E+24
