 PDE 2013 03 13 03 12 52.20   60.2300  163.4000   5.0 5.8 5.8 EASTERN SIBERIA, RUSSIA
event name:   C201303130312A
time shift:           3.1000
half duration:        1.9000
latitude:            60.2300
longitude:          163.6100
depth:               12.0000
Mrr:            4.130000E+24
Mtt:            4.350000E+23
Mpp:           -4.570000E+24
Mrt:           -4.420000E+23
Mrp:           -2.600000E+24
Mtp:            4.040000E+24
