 PDE 2013 02 09 21 02 22.80  -10.9900  165.7400  18.0 6.6 6.6 SANTA CRUZ ISLANDS
event name:   C201302092102A
time shift:           9.3000
half duration:        4.8000
latitude:           -10.9300
longitude:          165.6400
depth:               18.8000
Mrr:           -2.280000E+25
Mtt:            5.030000E+25
Mpp:           -2.750000E+25
Mrt:           -1.580000E+25
Mrp:            3.210000E+25
Mtp:           -8.100000E+25
