 PDE 2013 02 10 18 39 32.10  -10.9400  165.4600  11.0 6.0 6.0 SANTA CRUZ ISLANDS
event name:   C201302101839A
time shift:           6.4000
half duration:        2.4000
latitude:           -11.0200
longitude:          165.3200
depth:               12.0000
Mrr:           -8.100000E+24
Mtt:            1.210000E+25
Mpp:           -4.030000E+24
Mrt:           -3.200000E+24
Mrp:           -1.250000E+24
Mtp:           -4.140000E+24
