 PDE 2014 01 26 13 55 42.20   38.2100   20.4500   8.0 6.1 6.1 GREECE
event name:   C201401261355A
time shift:           6.6000
half duration:        2.8000
latitude:            38.0800
longitude:           20.4000
depth:               15.2000
Mrr:            7.760000E+24
Mtt:            7.390000E+24
Mpp:           -1.520000E+25
Mrt:            3.050000E+24
Mrp:           -2.910000E+24
Mtp:            1.460000E+25
