 PDE 2016 11 25 14 24 30.70   39.2700   73.9800  17.0 6.6 6.6 TAJIKISTAN-XINJIANG BORDER REG.
event name:   C201611251424A
time shift:           7.0000
half duration:        5.1000
latitude:            39.2700
longitude:           74.1400
depth:               19.1000
Mrr:           -4.700000E+24
Mtt:           -6.800000E+25
Mpp:            7.270000E+25
Mrt:           -1.250000E+25
Mrp:           -1.990000E+25
Mtp:           -8.580000E+25
