 PDE 2012 10 24 00 45 33.00   10.0900  -85.3000  17.0 6.4 6.5 COSTA RICA
event name:   C201210240045A
time shift:           6.1000
half duration:        3.9000
latitude:             9.7100
longitude:          -85.6000
depth:               22.1000
Mrr:            3.770000E+25
Mtt:           -3.060000E+25
Mpp:           -7.120000E+24
Mrt:            2.930000E+25
Mrp:           -2.060000E+25
Mtp:            1.760000E+25
