 PDE 2014 12 26 23 52 15.20    6.5200  -82.3500  10.0 6.0 5.9 SOUTH OF PANAMA
event name:   C201412262352A
time shift:           7.8000
half duration:        2.4000
latitude:             6.6800
longitude:          -82.4100
depth:               17.9000
Mrr:           -2.000000E+23
Mtt:            2.330000E+24
Mpp:           -2.130000E+24
Mrt:            2.760000E+24
Mrp:            4.600000E+23
Mtp:            1.160000E+25
