 PDE 2010 06 22 22 16 20.60  -19.2000 -177.5500 562.5 5.8 5.8 FIJI ISLANDS REGION
event name:   C201006222216A
time shift:           4.7000
half duration:        2.0000
latitude:           -19.1600
longitude:         -177.4900
depth:              587.4000
Mrr:           -3.560000E+24
Mtt:            5.790000E+23
Mpp:            2.980000E+24
Mrt:            3.930000E+24
Mrp:           -2.550000E+24
Mtp:            3.520000E+24
