 PDE 2015 06 01 06 52 41.30   44.4600 -129.8100  10.0 5.8 5.8 OFF COAST OF OREGON
event name:   C201506010652A
time shift:           2.3000
half duration:        1.9000
latitude:            44.3500
longitude:         -130.1300
depth:               15.0000
Mrr:           -6.510000E+23
Mtt:           -4.180000E+24
Mpp:            4.830000E+24
Mrt:            9.940000E+23
Mrp:           -7.800000E+22
Mtp:           -4.380000E+24
