 PDE 2013 04 20 00 02 47.50   30.3100  102.8900  14.0 6.6 6.8 SICHUAN, CHINA
event name:   C201304200002A
time shift:           5.6000
half duration:        4.9000
latitude:            30.2200
longitude:          103.1200
depth:               21.9000
Mrr:            9.500000E+25
Mtt:           -1.130000E+25
Mpp:           -8.370000E+25
Mrt:           -3.900000E+24
Mrp:            1.560000E+25
Mtp:           -4.520000E+25
