 PDE 2013 02 01 05 36 41.80  -11.1000  165.5300  15.0 6.0 6.0 SANTA CRUZ ISLANDS
event name:   C201302010536A
time shift:           5.3000
half duration:        2.4000
latitude:           -11.3400
longitude:          165.3900
depth:               18.5000
Mrr:            7.310000E+24
Mtt:           -2.380000E+24
Mpp:           -4.930000E+24
Mrt:            6.090000E+24
Mrp:           -7.810000E+24
Mtp:            3.240000E+24
