 PDE 2013 09 03 20 19 06.90   51.2300 -130.4500   5.5 6.1 6.1 QUEEN CHARLOTTE ISLANDS REGION
event name:   C201309032019A
time shift:           3.4000
half duration:        2.7000
latitude:            51.1100
longitude:         -130.6100
depth:               12.0000
Mrr:           -9.800000E+23
Mtt:           -5.290000E+24
Mpp:            6.280000E+24
Mrt:            1.000000E+22
Mrp:           -4.820000E+24
Mtp:            1.450000E+25
