 PDE 2011 08 30 06 57 41.60   -6.3600  126.7600 469.6 6.9 6.9 BANDA SEA
event name:   C201108300657A
time shift:           6.1000
half duration:        6.7000
latitude:            -6.4700
longitude:          126.6800
depth:              468.7000
Mrr:           -9.410000E+25
Mtt:            3.250000E+25
Mpp:            6.160000E+25
Mrt:            7.130000E+25
Mrp:            2.440000E+26
Mtp:           -9.300000E+24
