 PDE 2019 01 05 18 47 11.70   51.3300 -178.1200  30.0 6.0 5.9 ANDREANOF ISLANDS, ALEUTIAN IS.
event name:   C201901051847A
time shift:           2.7000
half duration:        2.5000
latitude:            51.1900
longitude:         -178.1600
depth:               31.6000
Mrr:            8.680000E+24
Mtt:           -8.780000E+24
Mpp:            1.000000E+23
Mrt:            1.070000E+25
Mrp:            2.200000E+24
Mtp:           -8.000000E+22
