 PDE 2013 09 02 04 30 16.80   -6.6200  155.1300  35.0 5.9 5.9 SOLOMON ISLANDS
event name:   C201309020430A
time shift:           4.1000
half duration:        2.2000
latitude:            -6.7600
longitude:          155.0000
depth:               44.9000
Mrr:            8.990000E+24
Mtt:           -4.970000E+24
Mpp:           -4.020000E+24
Mrt:            3.900000E+23
Mrp:           -1.310000E+24
Mtp:            5.100000E+24
