 PDE 2012 08 26 15 05 37.10    2.1900  126.8400  91.1 6.6 6.6 NORTHERN MOLUCCA SEA
event name:   C201208261505A
time shift:           3.2000
half duration:        4.7000
latitude:             2.1600
longitude:          126.8100
depth:               91.2000
Mrr:            3.330000E+25
Mtt:            4.940000E+25
Mpp:           -8.270000E+25
Mrt:           -5.140000E+25
Mrp:           -6.600000E+24
Mtp:            1.880000E+25
