 PDE 2013 02 06 11 53 55.20  -11.2400  165.7300  14.0 6.1 6.1 SANTA CRUZ ISLANDS
event name:   C201302061153A
time shift:           5.9000
half duration:        2.6000
latitude:           -11.3400
longitude:          165.5400
depth:               16.0000
Mrr:           -4.890000E+24
Mtt:            3.030000E+24
Mpp:            1.860000E+24
Mrt:           -1.330000E+25
Mrp:            4.020000E+24
Mtp:           -6.060000E+24
