 PDE 2012 11 19 09 44 34.10   -5.7000  151.6000  13.0 6.0 6.0 NEW BRITAIN REGION, P.N.G.
event name:   C201211190944A
time shift:           5.7000
half duration:        2.4000
latitude:            -5.9000
longitude:          151.7900
depth:               19.7000
Mrr:           -9.240000E+24
Mtt:            5.800000E+24
Mpp:            3.430000E+24
Mrt:           -3.450000E+24
Mrp:           -6.040000E+24
Mtp:            5.430000E+24
