 PDE 2014 05 16 11 01 40.00   17.0900  -60.3700   5.3 5.9 5.9 LEEWARD ISLANDS
event name:   C201405161101A
time shift:           7.5000
half duration:        2.1000
latitude:            17.1800
longitude:          -60.2400
depth:               12.0000
Mrr:           -4.280000E+24
Mtt:            6.260000E+23
Mpp:            3.660000E+24
Mrt:           -2.980000E+23
Mrp:            4.870000E+24
Mtp:           -4.940000E+24
