 PDE 2018 12 23 23 08 43.40  -20.2800 -175.0700 113.0 6.4 6.4 TONGA ISLANDS
event name:   C201812232308A
time shift:           4.8000
half duration:        4.1000
latitude:           -20.2000
longitude:         -174.9400
depth:              118.4000
Mrr:           -5.550000E+24
Mtt:            4.620000E+24
Mpp:            9.300000E+23
Mrt:           -6.700000E+23
Mrp:           -5.610000E+25
Mtp:            1.430000E+25
