 PDE 2011 10 18 05 05 06.20   -5.7800  151.0400  26.0 6.0 6.1 NEW BRITAIN REGION, P.N.G.
event name:   C201110180505A
time shift:           5.6000
half duration:        2.5000
latitude:            -6.1200
longitude:          151.1000
depth:               33.3000
Mrr:            1.080000E+25
Mtt:           -1.190000E+25
Mpp:            1.150000E+24
Mrt:            7.190000E+24
Mrp:           -1.030000E+24
Mtp:           -2.950000E+24
