 PDE 2016 10 28 20 02 49.80   39.3900   13.5200 457.9 5.8 5.8 TYRRHENIAN SEA
event name:   C201610282002A
time shift:           1.0000
half duration:        2.0000
latitude:            39.3500
longitude:           13.6200
depth:              462.5000
Mrr:            1.870000E+24
Mtt:           -4.090000E+24
Mpp:            2.220000E+24
Mrt:           -1.620000E+24
Mrp:           -4.830000E+24
Mtp:           -2.810000E+24
