 PDE 2014 07 21 14 54 41.00  -19.8000 -178.4000 615.4 6.9 6.9 FIJI ISLANDS REGION
event name:   C201407211454A
time shift:           5.9000
half duration:        7.0000
latitude:           -19.6800
longitude:         -178.3200
depth:              627.1000
Mrr:           -6.970000E+25
Mtt:            6.150000E+25
Mpp:            8.200000E+24
Mrt:           -2.170000E+26
Mrp:           -1.930000E+26
Mtp:           -3.560000E+25
