 PDE 2019 07 08 18 52 33.30    0.5000  126.3000  28.0 5.9 5.9 NORTHERN MOLUCCA SEA
event name:   C201907081852A
time shift:           4.8000
half duration:        2.1000
latitude:             0.3500
longitude:          126.3800
depth:               19.6000
Mrr:            7.980000E+24
Mtt:           -2.010000E+24
Mpp:           -5.970000E+24
Mrt:            2.860000E+24
Mrp:            3.440000E+24
Mtp:           -9.100000E+23
