 PDE 2014 04 03 01 58 30.50  -20.3100  -70.5800  23.6 6.6 6.5 NEAR COAST OF NORTHERN CHILE
event name:   C201404030158A
time shift:          10.1000
half duration:        4.8000
latitude:           -20.3400
longitude:          -70.8800
depth:               33.7000
Mrr:            6.650000E+25
Mtt:            4.700000E+24
Mpp:           -7.120000E+25
Mrt:            1.620000E+25
Mrp:           -6.390000E+25
Mtp:            1.360000E+25
