 PDE 2019 04 22 09 11 12.00   14.9500  120.5100  21.8 6.1 6.1 LUZON, PHILIPPINES
event name:   C201904220911A
time shift:           1.5000
half duration:        2.6000
latitude:            15.1300
longitude:          120.3900
depth:               12.0000
Mrr:           -2.180000E+24
Mtt:            1.470000E+25
Mpp:           -1.250000E+25
Mrt:           -5.500000E+23
Mrp:           -1.020000E+24
Mtp:           -7.290000E+24
