 PDE 2010 07 07 06 50 41.00   -6.1700  154.4200  35.0 5.9 5.9 SOLOMON ISLANDS
event name:   C201007070650A
time shift:           3.3000
half duration:        2.1000
latitude:            -6.5300
longitude:          154.4200
depth:               32.4000
Mrr:            7.000000E+24
Mtt:           -4.210000E+24
Mpp:           -2.800000E+24
Mrt:            2.350000E+24
Mrp:           -2.260000E+24
Mtp:            4.070000E+24
