 PDE 2013 09 25 06 51 24.70  -50.0100 -113.7700  10.0 6.0 0.0 SOUTHERN EAST PACIFIC RISE
event name:   C201309250651A
time shift:          15.3000
half duration:        2.5000
latitude:           -50.0300
longitude:         -114.2500
depth:               12.0000
Mrr:           -6.000000E+22
Mtt:            3.980000E+24
Mpp:           -3.930000E+24
Mrt:           -9.300000E+23
Mrp:            2.300000E+23
Mtp:            1.250000E+25
