 PDE 2013 02 08 15 00 12.10  -10.9300  165.8900  10.0 5.8 5.8 SANTA CRUZ ISLANDS
event name:   C201302081500A
time shift:           4.0000
half duration:        1.9000
latitude:           -10.8800
longitude:          165.8200
depth:               22.5000
Mrr:           -7.100000E+23
Mtt:            5.910000E+24
Mpp:           -5.200000E+24
Mrt:            9.500000E+22
Mrp:           -6.380000E+23
Mtp:           -2.710000E+24
