 PDE 2011 09 01 06 14 38.80  -12.3600  166.6600  39.0 6.0 6.1 SANTA CRUZ ISLANDS
event name:   C201109010614A
time shift:           4.2000
half duration:        2.5000
latitude:           -12.5600
longitude:          166.3200
depth:               52.5000
Mrr:            1.260000E+25
Mtt:           -2.000000E+23
Mpp:           -1.240000E+25
Mrt:           -1.180000E+24
Mrp:            4.510000E+24
Mtp:            2.400000E+24
