 PDE 2011 06 14 13 06 51.50   37.7300  143.5200  10.0 5.8 5.8 OFF EAST COAST OF HONSHU, JAPAN
event name:   C201106141306A
time shift:           3.7000
half duration:        2.0000
latitude:            37.7300
longitude:          143.5800
depth:               20.2000
Mrr:           -1.510000E+24
Mtt:           -4.760000E+24
Mpp:            6.270000E+24
Mrt:            2.160000E+24
Mrp:            2.810000E+24
Mtp:            1.330000E+24
