 PDE 2016 04 18 13 06 10.90  -19.4900  169.0900  76.0 5.9 5.9 VANUATU ISLANDS
event name:   C201604181306A
time shift:           4.0000
half duration:        2.3000
latitude:           -19.4400
longitude:          169.0000
depth:               91.2000
Mrr:           -4.120000E+24
Mtt:           -1.840000E+24
Mpp:            5.960000E+24
Mrt:           -4.590000E+24
Mrp:            7.390000E+24
Mtp:            1.790000E+24
