 PDE 2016 06 26 11 17 11.30   39.4800   73.3400  13.0 6.4 6.4 TAJIKISTAN-XINJIANG BORDER REG.
event name:   C201606261117A
time shift:           8.0000
half duration:        4.1000
latitude:            39.4700
longitude:           73.4300
depth:               16.9000
Mrr:            3.430000E+25
Mtt:           -4.680000E+25
Mpp:            1.250000E+25
Mrt:           -3.060000E+25
Mrp:           -1.210000E+25
Mtp:           -3.210000E+25
