 PDE 2011 11 24 10 25 34.00   41.9000  142.6400  38.0 6.2 6.2 HOKKAIDO, JAPAN REGION
event name:   C201111241025A
time shift:           3.6000
half duration:        2.9000
latitude:            41.7900
longitude:          142.9400
depth:               43.5000
Mrr:            1.540000E+25
Mtt:           -3.550000E+24
Mpp:           -1.190000E+25
Mrt:            5.820000E+24
Mrp:            1.420000E+25
Mtp:           -6.840000E+24
