 PDE 2019 05 19 14 56 50.70  -21.6100  169.4700  20.0 6.4 6.3 SOUTHEAST OF LOYALTY ISLANDS
event name:   C201905191456A
time shift:           5.6000
half duration:        3.7000
latitude:           -21.6500
longitude:          169.6100
depth:               30.6000
Mrr:            3.560000E+25
Mtt:           -8.900000E+24
Mpp:           -2.670000E+25
Mrt:            4.580000E+24
Mrp:           -2.040000E+25
Mtp:            1.960000E+25
