 PDE 2016 04 02 05 50 00.00   57.0100 -157.9300  11.4 6.2 6.2 ALASKA PENINSULA
event name:   C201604020550A
time shift:           8.0000
half duration:        3.2000
latitude:            57.2200
longitude:         -157.6600
depth:               12.0000
Mrr:            2.540000E+25
Mtt:           -2.360000E+25
Mpp:           -1.810000E+24
Mrt:           -7.070000E+24
Mrp:           -2.260000E+24
Mtp:           -8.650000E+24
