 PDE 2011 01 29 06 55 26.10   70.9400   -6.6800   6.0 6.2 6.2 JAN MAYEN ISLAND REGION
event name:   C201101290655A
time shift:           3.8000
half duration:        3.2000
latitude:            70.9900
longitude:           -6.6500
depth:               17.1000
Mrr:           -3.410000E+24
Mtt:            2.170000E+25
Mpp:           -1.830000E+25
Mrt:           -3.320000E+24
Mrp:            7.110000E+24
Mtp:            1.790000E+25
