 PDE 2016 04 14 12 26 35.70   32.7900  130.7000   9.0 6.2 6.2 KYUSHU, JAPAN
event name:   C201604141226A
time shift:           4.6000
half duration:        3.0000
latitude:            32.7700
longitude:          130.7400
depth:               14.8000
Mrr:           -3.250000E+24
Mtt:            2.060000E+25
Mpp:           -1.740000E+25
Mrt:            9.700000E+23
Mrp:           -4.750000E+24
Mtp:            1.080000E+25
