 PDE 2019 08 20 13 03 52.60  -11.3500  166.3000  36.9 6.1 6.0 SANTA CRUZ ISLANDS
event name:   C201908201303A
time shift:           5.1000
half duration:        2.7000
latitude:           -11.4600
longitude:          165.9700
depth:               47.0000
Mrr:            1.590000E+25
Mtt:           -4.400000E+23
Mpp:           -1.550000E+25
Mrt:           -6.700000E+23
Mrp:            1.550000E+24
Mtp:            3.760000E+24
