 PDE 2013 02 16 04 37 36.20    5.8100  125.7500 105.0 6.2 6.2 MINDANAO, PHILIPPINES
event name:   C201302160437A
time shift:           4.1000
half duration:        3.0000
latitude:             5.7700
longitude:          125.9500
depth:              106.7000
Mrr:            1.670000E+25
Mtt:            2.360000E+24
Mpp:           -1.900000E+25
Mrt:           -8.130000E+24
Mrp:            1.420000E+25
Mtp:            6.600000E+23
