 PDE 2010 05 31 19 51 55.50   11.1200   93.4500 112.0 6.5 6.5 ANDAMAN ISLANDS, INDIA REGION
event name:   C201005311951A
time shift:          -5.6000
half duration:        4.2000
latitude:            11.1600
longitude:           93.7000
depth:              127.9000
Mrr:            2.330000E+25
Mtt:           -4.030000E+25
Mpp:            1.700000E+25
Mrt:           -4.210000E+25
Mrp:           -1.880000E+25
Mtp:            2.660000E+25
