 PDE 2016 11 14 00 34 22.60  -42.6100  173.2500   9.0 6.4 6.5 SOUTH ISLAND, NEW ZEALAND
event name:   C201611140034A
time shift:           8.9000
half duration:        3.8000
latitude:           -42.4400
longitude:          173.0700
depth:               12.5000
Mrr:           -1.350000E+24
Mtt:            3.290000E+25
Mpp:           -3.150000E+25
Mrt:           -4.230000E+24
Mrp:           -7.200000E+23
Mtp:           -3.450000E+25
