 PDE 2019 04 22 14 49 05.30  -56.2600  -27.3500  79.0 6.0 6.0 SOUTH SANDWICH ISLANDS REGION
event name:   C201904221449A
time shift:           4.4000
half duration:        2.5000
latitude:           -56.3500
longitude:          -27.0600
depth:               82.5000
Mrr:           -1.420000E+24
Mtt:            7.090000E+24
Mpp:           -5.670000E+24
Mrt:           -3.650000E+24
Mrp:           -5.600000E+24
Mtp:            9.010000E+24
