 PDE 2015 03 23 04 51 38.00  -18.3500  -69.1700 130.0 6.4 6.4 NORTHERN CHILE
event name:   C201503230451A
time shift:           4.5000
half duration:        4.0000
latitude:           -18.4700
longitude:          -69.4400
depth:              140.8000
Mrr:           -1.520000E+25
Mtt:           -7.800000E+24
Mpp:            2.300000E+25
Mrt:            1.040000E+25
Mrp:           -5.040000E+25
Mtp:            9.060000E+24
