 PDE 2018 07 19 18 30 32.70   -6.1100  148.7300  29.6 6.0 6.0 NEW BRITAIN REGION, P.N.G.
event name:   C201807191830A
time shift:           5.6000
half duration:        2.4000
latitude:            -6.4400
longitude:          148.8000
depth:               37.2000
Mrr:            1.030000E+25
Mtt:           -1.020000E+25
Mpp:           -9.000000E+22
Mrt:            2.740000E+24
Mrp:            4.560000E+24
Mtp:           -4.580000E+24
