 PDE 2015 09 13 08 14 12.20   25.1400 -109.4300  10.0 6.6 6.7 GULF OF CALIFORNIA
event name:   C201509130814A
time shift:           4.2000
half duration:        4.9000
latitude:            25.0900
longitude:         -109.5300
depth:               14.9000
Mrr:           -3.300000E+24
Mtt:           -9.610000E+25
Mpp:            9.940000E+25
Mrt:           -1.500000E+24
Mrp:           -1.700000E+24
Mtp:           -1.630000E+25
