 PDE 2012 02 05 16 40 39.20  -17.9500  167.2300   8.0 6.0 6.1 VANUATU ISLANDS
event name:   C201202051640A
time shift:           5.8000
half duration:        2.4000
latitude:           -17.9400
longitude:          167.1200
depth:               12.0000
Mrr:           -1.150000E+25
Mtt:           -8.200000E+23
Mpp:            1.230000E+25
Mrt:           -2.160000E+24
Mrp:            7.500000E+23
Mtp:            2.310000E+24
