 PDE 2017 10 24 10 47 47.90   -7.2200  123.0700 553.8 6.7 6.7 BANDA SEA
event name:   C201710241047A
time shift:           2.4000
half duration:        5.6000
latitude:            -7.2500
longitude:          123.0200
depth:              556.8000
Mrr:           -1.230000E+26
Mtt:            1.230000E+26
Mpp:            4.000000E+23
Mrt:            6.200000E+24
Mrp:            7.470000E+25
Mtp:            5.040000E+25
