 PDE 2011 03 12 01 47 15.40   37.5900  142.6500  20.0 6.5 6.5 OFF EAST COAST OF HONSHU, JAPAN
event name:   C201103120147A
time shift:           4.7000
half duration:        4.3000
latitude:            37.5700
longitude:          142.8400
depth:               13.6000
Mrr:           -4.950000E+25
Mtt:            1.210000E+25
Mpp:            3.740000E+25
Mrt:           -3.620000E+25
Mrp:           -2.700000E+25
Mtp:            2.370000E+25
