 PDE 2010 03 08 02 32 34.70   38.8700   39.9900  12.0 6.0 6.1 TURKEY
event name:   C201003080232A
time shift:           2.7000
half duration:        2.6000
latitude:            38.8200
longitude:           40.0400
depth:               15.1000
Mrr:            8.600000E+23
Mtt:           -1.420000E+25
Mpp:            1.330000E+25
Mrt:            6.340000E+24
Mrp:            1.650000E+24
Mtp:            1.840000E+24
