 PDE 2010 03 04 22 39 26.50  -22.2300  -68.3300 114.0 6.3 6.4 NORTHERN CHILE
event name:   C201003042239A
time shift:           3.3000
half duration:        3.5000
latitude:           -22.3600
longitude:          -68.6900
depth:              118.7000
Mrr:           -2.300000E+25
Mtt:           -8.320000E+24
Mpp:            3.130000E+25
Mrt:           -1.790000E+24
Mrp:           -2.550000E+25
Mtp:           -6.350000E+24
