 PDE 2015 05 20 22 48 53.40  -10.8800  164.1700  11.0 6.8 6.8 SANTA CRUZ ISLANDS REGION
event name:   C201505202248A
time shift:          10.6000
half duration:        6.1000
latitude:           -10.7800
longitude:          163.9100
depth:               19.0000
Mrr:            3.230000E+25
Mtt:           -1.100000E+26
Mpp:            7.810000E+25
Mrt:            5.390000E+25
Mrp:           -1.020000E+26
Mtp:            1.260000E+26
