 PDE 2016 06 14 13 49 22.60  -18.7600  168.8300 111.0 6.2 6.2 VANUATU ISLANDS
event name:   C201606141349A
time shift:           4.7000
half duration:        3.2000
latitude:           -18.8300
longitude:          168.7000
depth:              126.6000
Mrr:            5.100000E+23
Mtt:            1.000000E+25
Mpp:           -1.050000E+25
Mrt:           -1.150000E+25
Mrp:           -1.940000E+25
Mtp:            1.320000E+25
