 PDE 2016 01 21 18 06 57.70   18.8200 -106.9300  10.0 6.5 6.6 OFF COAST OF JALISCO, MEXICO
event name:   C201601211806A
time shift:           4.4000
half duration:        4.6000
latitude:            18.9100
longitude:         -107.1700
depth:               15.7000
Mrr:           -5.690000E+24
Mtt:           -4.880000E+25
Mpp:            5.450000E+25
Mrt:            1.960000E+24
Mrp:           -3.290000E+24
Mtp:           -6.750000E+25
