 PDE 2013 02 22 12 01 58.20  -27.9300  -63.1000 575.2 6.1 6.2 SANTIAGO DEL ESTERO PROV., ARG.
event name:   C201302221201A
time shift:           3.3000
half duration:        2.7000
latitude:           -27.8900
longitude:          -63.0000
depth:              585.7000
Mrr:           -6.550000E+24
Mtt:           -4.650000E+24
Mpp:            1.120000E+25
Mrt:           -8.370000E+24
Mrp:            1.170000E+25
Mtp:           -5.420000E+24
