 PDE 2017 07 11 07 00 01.20  -49.4800  164.0200  10.0 6.5 6.6 AUCKLAND ISLANDS, N.Z. REGION
event name:   C201707110659A
time shift:          16.2000
half duration:        4.6000
latitude:           -49.2400
longitude:          163.9900
depth:               32.0000
Mrr:            4.470000E+25
Mtt:            3.580000E+25
Mpp:           -8.050000E+25
Mrt:            4.240000E+25
Mrp:           -1.060000E+25
Mtp:            1.690000E+25
