 PDE 2015 10 11 00 58 27.20  -54.4900 -135.7100  10.0 6.1 6.1 PACIFIC-ANTARCTIC RIDGE
event name:   C201510110058A
time shift:           4.6000
half duration:        2.6000
latitude:           -54.6100
longitude:         -136.1100
depth:               12.9000
Mrr:           -5.400000E+23
Mtt:            1.130000E+25
Mpp:           -1.080000E+25
Mrt:           -1.300000E+23
Mrp:            3.700000E+23
Mtp:            1.110000E+25
