 PDE 2010 07 25 03 39 17.40  -15.0700 -173.5500   7.0 5.9 5.9 TONGA ISLANDS
event name:   C201007250339A
time shift:           7.7000
half duration:        2.1000
latitude:           -14.8400
longitude:         -173.2600
depth:               13.1000
Mrr:            7.960000E+23
Mtt:            3.720000E+24
Mpp:           -4.520000E+24
Mrt:            1.270000E+24
Mrp:            5.130000E+24
Mtp:            4.280000E+24
