 PDE 2012 06 02 07 52 54.00  -22.0600  -63.5600 527.0 6.0 6.0 SALTA PROVINCE, ARGENTINA
event name:   C201206020752A
time shift:           2.0000
half duration:        2.4000
latitude:           -22.0800
longitude:          -63.5900
depth:              549.5000
Mrr:           -1.060000E+25
Mtt:           -1.400000E+23
Mpp:            1.070000E+25
Mrt:           -7.600000E+23
Mrp:            4.670000E+24
Mtp:            1.020000E+24
