 PDE 2010 11 30 03 24 41.60   28.3600  139.1500 486.7 6.8 6.8 BONIN ISLANDS, JAPAN REGION
event name:   C201011300324A
time shift:           7.5000
half duration:        6.0000
latitude:            28.6900
longitude:          139.2600
depth:              460.6000
Mrr:           -6.660000E+25
Mtt:            1.070000E+26
Mpp:           -4.000000E+25
Mrt:            6.380000E+25
Mrp:           -1.420000E+26
Mtp:           -5.820000E+25
