 PDE 2012 03 14 10 49 24.60   40.7800  144.7600  10.0 6.1 6.1 OFF EAST COAST OF HONSHU, JAPAN
event name:   C201203141049A
time shift:           3.7000
half duration:        2.8000
latitude:            40.9100
longitude:          144.9000
depth:               19.0000
Mrr:           -1.900000E+25
Mtt:            5.010000E+24
Mpp:            1.400000E+25
Mrt:            5.600000E+24
Mrp:           -1.560000E+24
Mtp:            5.230000E+24
