 PDE 2017 08 13 03 08 10.60   -3.7700  101.6200  31.0 6.5 6.4 SOUTHERN SUMATRA, INDONESIA
event name:   C201708130308A
time shift:           7.2000
half duration:        4.2000
latitude:            -3.8100
longitude:          101.4300
depth:               43.3000
Mrr:            4.210000E+25
Mtt:           -1.820000E+25
Mpp:           -2.390000E+25
Mrt:            3.610000E+25
Mrp:           -2.880000E+25
Mtp:            2.210000E+25
