 PDE 2017 07 20 00 11 24.80   37.4200  141.5900  31.0 5.9 5.8 NEAR EAST COAST OF HONSHU, JAPAN
event name:   C201707200011A
time shift:           3.2000
half duration:        2.1000
latitude:            37.3200
longitude:          141.7000
depth:               41.8000
Mrr:            6.220000E+24
Mtt:           -8.310000E+23
Mpp:           -5.390000E+24
Mrt:            2.090000E+24
Mrp:            4.800000E+24
Mtp:           -1.880000E+24
