 PDE 2013 10 31 12 02 08.70   23.5900  121.4400  10.0 6.3 6.3 TAIWAN
event name:   C201310311202A
time shift:           4.2000
half duration:        3.4000
latitude:            23.6400
longitude:          121.3900
depth:               19.9000
Mrr:            2.030000E+25
Mtt:           -1.590000E+25
Mpp:           -4.450000E+24
Mrt:            1.280000E+25
Mrp:           -1.820000E+25
Mtp:           -1.920000E+25
