 PDE 2014 05 15 08 16 34.40    6.4300  144.9400  11.0 6.3 6.3 E. CAROLINE ISLANDS, MICRONESIA
event name:   C201405150816A
time shift:           4.7000
half duration:        3.5000
latitude:             6.5800
longitude:          144.8700
depth:               19.6000
Mrr:            3.260000E+24
Mtt:            1.270000E+25
Mpp:           -1.590000E+25
Mrt:           -1.300000E+23
Mrp:           -9.090000E+24
Mtp:            3.410000E+25
