 PDE 2014 05 05 11 08 43.40   19.6600   99.6700   6.0 6.2 6.1 THAILAND
event name:   C201405051108A
time shift:           3.4000
half duration:        3.0000
latitude:            19.7200
longitude:           99.6800
depth:               12.0000
Mrr:           -2.500000E+23
Mtt:           -1.610000E+25
Mpp:            1.640000E+25
Mrt:           -1.300000E+24
Mrp:            3.390000E+24
Mtp:            1.600000E+25
