 PDE 2011 04 01 13 29 10.70   35.6600   26.5600  59.9 6.1 6.1 CRETE, GREECE
event name:   C201104011329A
time shift:           1.3000
half duration:        2.9000
latitude:            35.4900
longitude:           26.6700
depth:               75.8000
Mrr:            1.670000E+24
Mtt:            1.780000E+25
Mpp:           -1.940000E+25
Mrt:            5.780000E+24
Mrp:            3.130000E+24
Mtp:           -4.060000E+24
