 PDE 2015 03 30 07 56 53.20  -15.4300 -173.0500  10.0 6.0 6.0 TONGA ISLANDS
event name:   C201503300756A
time shift:           9.5000
half duration:        2.5000
latitude:           -15.2600
longitude:         -172.7700
depth:               17.8000
Mrr:            9.030000E+24
Mtt:            2.050000E+24
Mpp:           -1.110000E+25
Mrt:            2.920000E+24
Mrp:            6.980000E+24
Mtp:            2.360000E+24
