 PDE 2018 09 05 18 07 59.20   42.6900  141.9300  35.0 6.7 6.6 HOKKAIDO, JAPAN REGION
event name:   C201809051807A
time shift:          10.4000
half duration:        5.2000
latitude:            42.7500
longitude:          142.0400
depth:               30.8000
Mrr:            7.680000E+25
Mtt:            7.000000E+23
Mpp:           -7.750000E+25
Mrt:           -1.100000E+25
Mrp:            8.340000E+25
Mtp:            4.250000E+25
