 PDE 2011 09 18 12 40 51.80   27.7200   88.1400  50.0 6.9 6.9 SIKKIM, INDIA
event name:   C201109181240A
time shift:           8.1000
half duration:        6.9000
latitude:            27.4400
longitude:           88.3500
depth:               46.0000
Mrr:           -4.090000E+25
Mtt:           -2.320000E+26
Mpp:            2.730000E+26
Mrt:            8.990000E+25
Mrp:           -1.230000E+25
Mtp:           -6.350000E+25
