 PDE 2013 03 01 13 20 49.90   50.9600  157.4100  29.0 6.5 6.5 KURIL ISLANDS
event name:   C201303011320A
time shift:           5.3000
half duration:        4.5000
latitude:            50.6800
longitude:          157.9000
depth:               41.1000
Mrr:            7.190000E+25
Mtt:           -2.350000E+25
Mpp:           -4.850000E+25
Mrt:            2.210000E+25
Mrp:            2.730000E+25
Mtp:           -3.530000E+25
