 PDE 2011 08 22 11 23 35.30   36.0800  141.7000  12.0 5.9 6.0 NEAR EAST COAST OF HONSHU, JAPAN
event name:   C201108221123A
time shift:           3.7000
half duration:        2.2000
latitude:            36.0100
longitude:          141.9900
depth:               18.1000
Mrr:            5.540000E+24
Mtt:           -9.800000E+23
Mpp:           -4.560000E+24
Mrt:            3.220000E+24
Mrp:            6.870000E+24
Mtp:           -2.240000E+24
