 PDE 2011 08 19 03 54 26.80  -16.5200 -177.0000 407.9 6.2 6.2 FIJI ISLANDS REGION
event name:   C201108190354A
time shift:           4.6000
half duration:        3.2000
latitude:           -16.5200
longitude:         -176.7300
depth:              415.0000
Mrr:            1.370000E+25
Mtt:           -1.570000E+25
Mpp:            1.990000E+24
Mrt:           -4.500000E+23
Mrp:           -1.850000E+25
Mtp:            1.710000E+25
