 PDE 2018 11 04 19 26 03.40   44.5500  145.6500   9.0 6.0 5.9 HOKKAIDO, JAPAN REGION
event name:   C201811041926A
time shift:           3.5000
half duration:        2.4000
latitude:            44.6000
longitude:          145.6800
depth:               12.0000
Mrr:            1.060000E+25
Mtt:           -1.310000E+24
Mpp:           -9.260000E+24
Mrt:           -3.630000E+24
Mrp:           -4.120000E+24
Mtp:           -4.050000E+24
