 PDE 2011 03 17 08 03 00.80  -17.2700  167.9000  10.0 5.9 5.9 VANUATU ISLANDS
event name:   C201103170803A
time shift:           5.7000
half duration:        2.1000
latitude:           -17.3400
longitude:          167.6900
depth:               30.0000
Mrr:            6.680000E+24
Mtt:            3.300000E+23
Mpp:           -7.010000E+24
Mrt:            1.690000E+24
Mrp:           -4.000000E+24
Mtp:            1.590000E+24
