 PDE 2010 07 20 19 18 22.00   -5.9100  150.7000  35.0 6.3 6.3 NEW BRITAIN REGION, P.N.G.
event name:   C201007201918A
time shift:           7.4000
half duration:        3.6000
latitude:            -6.3300
longitude:          150.7600
depth:               34.6000
Mrr:            3.240000E+25
Mtt:           -3.620000E+25
Mpp:            3.840000E+24
Mrt:            2.040000E+25
Mrp:            2.000000E+23
Mtp:           -4.660000E+24
