 PDE 2016 04 14 12 17 05.20  -14.4900  166.5000   7.5 5.9 5.9 VANUATU ISLANDS
event name:   C201604141217A
time shift:           3.6000
half duration:        2.2000
latitude:           -14.3800
longitude:          166.3700
depth:               12.0000
Mrr:            8.330000E+24
Mtt:           -2.560000E+24
Mpp:           -5.770000E+24
Mrt:            2.590000E+24
Mrp:           -1.640000E+24
Mtp:            5.310000E+24
