 PDE 2015 12 24 23 10 58.20   -7.2200  128.9800 119.0 5.8 5.8 BANDA SEA
event name:   C201512242310A
time shift:           1.5000
half duration:        2.0000
latitude:            -7.3400
longitude:          129.1100
depth:              132.1000
Mrr:            5.080000E+24
Mtt:           -3.920000E+24
Mpp:           -1.160000E+24
Mrt:            1.230000E+24
Mrp:            2.280000E+24
Mtp:            3.840000E+24
