 PDE 2012 05 20 02 03 51.80   44.9000   11.2300   8.3 6.1 6.1 NORTHERN ITALY
event name:   C201205200203A
time shift:           4.4000
half duration:        2.7000
latitude:            44.8900
longitude:           11.4400
depth:               12.0000
Mrr:            1.470000E+25
Mtt:           -1.390000E+25
Mpp:           -7.600000E+23
Mrt:           -5.280000E+24
Mrp:            7.670000E+24
Mtp:            3.730000E+24
