 PDE 2014 07 11 19 22 00.80   37.0100  142.4500  20.0 6.5 6.5 OFF EAST COAST OF HONSHU, JAPAN
event name:   C201407111922A
time shift:           5.2000
half duration:        4.5000
latitude:            36.9700
longitude:          142.3900
depth:               12.0000
Mrr:           -5.420000E+25
Mtt:           -8.310000E+24
Mpp:            6.250000E+25
Mrt:           -2.130000E+25
Mrp:           -4.310000E+25
Mtp:            2.130000E+25
