 PDE 2015 02 11 18 57 22.50  -23.1100  -66.6900 223.0 6.7 6.7 JUJUY PROVINCE, ARGENTINA
event name:   C201502111857A
time shift:           4.6000
half duration:        5.4000
latitude:           -23.1400
longitude:          -66.8000
depth:              223.0000
Mrr:           -8.030000E+25
Mtt:           -1.200000E+24
Mpp:            8.150000E+25
Mrt:           -9.000000E+24
Mrp:           -1.070000E+26
Mtp:           -6.700000E+24
