 PDE 2015 07 20 11 08 19.40  -35.5300 -105.0800  14.0 5.8 5.7 SOUTHERN EAST PACIFIC RISE
event name:   C201507201108A
time shift:           5.0000
half duration:        1.9000
latitude:           -35.4500
longitude:         -104.8300
depth:               17.7000
Mrr:           -9.150000E+23
Mtt:           -1.350000E+24
Mpp:            2.270000E+24
Mrt:            5.730000E+23
Mrp:           -1.410000E+24
Mtp:           -5.810000E+24
