 PDE 2015 01 10 19 32 00.30   14.7700  120.2500  59.0 5.9 5.9 LUZON, PHILIPPINES
event name:   C201501101932A
time shift:           2.0000
half duration:        2.1000
latitude:            14.8500
longitude:          120.0200
depth:               66.9000
Mrr:           -2.650000E+24
Mtt:            2.390000E+24
Mpp:            2.590000E+23
Mrt:           -3.860000E+24
Mrp:            2.010000E+24
Mtp:            5.850000E+24
