 PDE 2010 01 18 15 40 26.40   13.7300  -90.1300  54.7 5.9 5.9 NEAR COAST OF GUATEMALA
event name:   C201001181540A
time shift:           6.1000
half duration:        2.2000
latitude:            13.6900
longitude:          -90.5400
depth:               69.2000
Mrr:            2.240000E+24
Mtt:           -3.360000E+24
Mpp:            1.110000E+24
Mrt:            7.140000E+24
Mrp:           -4.510000E+24
Mtp:            1.060000E+24
