 PDE 2015 03 30 08 18 00.90  -15.3800 -172.9600  11.5 6.3 6.4 SAMOA ISLANDS REGION
event name:   C201503300818A
time shift:           8.9000
half duration:        3.5000
latitude:           -15.3000
longitude:         -172.6800
depth:               14.5000
Mrr:            2.820000E+25
Mtt:            5.580000E+24
Mpp:           -3.370000E+25
Mrt:            4.320000E+24
Mrp:            1.480000E+25
Mtp:            7.900000E+24
