 PDE 2018 02 01 11 05 50.60  -16.5200 -177.4600  10.0 6.0 6.0 FIJI ISLANDS REGION
event name:   C201802011105A
time shift:           5.8000
half duration:        2.4000
latitude:           -16.3500
longitude:         -177.4100
depth:               16.7000
Mrr:            1.800000E+23
Mtt:           -9.430000E+24
Mpp:            9.260000E+24
Mrt:            9.300000E+23
Mrp:            1.110000E+24
Mtp:            6.070000E+24
