 PDE 2010 06 01 03 26 15.60    9.3200  -84.2500  18.0 6.0 6.0 COSTA RICA
event name:   C201006010326A
time shift:           7.7000
half duration:        2.4000
latitude:             9.1700
longitude:          -84.2400
depth:               22.7000
Mrr:            8.540000E+24
Mtt:           -8.090000E+24
Mpp:           -4.500000E+23
Mrt:            6.460000E+24
Mrp:           -2.560000E+24
Mtp:            3.780000E+24
