 PDE 2014 07 02 05 53 29.20  -62.3000  155.1900  10.0 6.0 6.0 BALLENY ISLANDS REGION
event name:   C201407020553A
time shift:           5.8000
half duration:        2.5000
latitude:           -62.3100
longitude:          154.9900
depth:               12.0000
Mrr:            3.700000E+23
Mtt:            1.110000E+25
Mpp:           -1.150000E+25
Mrt:           -1.760000E+24
Mrp:           -1.420000E+24
Mtp:           -7.710000E+24
