 PDE 2013 07 07 20 30 06.80   -6.0300  149.7100  56.0 6.6 6.6 NEW BRITAIN REGION, P.N.G.
event name:   C201307072030A
time shift:           3.8000
half duration:        4.7000
latitude:            -6.2100
longitude:          149.7800
depth:               52.8000
Mrr:            7.900000E+25
Mtt:           -4.100000E+24
Mpp:           -7.490000E+25
Mrt:            1.080000E+25
Mrp:           -2.760000E+25
Mtp:           -3.020000E+25
