 PDE 2013 04 20 04 51 12.00   -6.2900  130.2200 108.1 6.0 6.0 BANDA SEA
event name:   C201304200451A
time shift:           2.8000
half duration:        2.3000
latitude:            -6.2600
longitude:          130.2100
depth:              115.6000
Mrr:            2.220000E+24
Mtt:           -8.740000E+24
Mpp:            6.520000E+24
Mrt:           -2.470000E+24
Mrp:            2.460000E+24
Mtp:            6.410000E+24
