 PDE 2016 04 05 08 29 21.00    4.2100  126.6500  35.0 5.9 5.9 TALAUD ISLANDS, INDONESIA
event name:   C201604050829A
time shift:          18.2000
half duration:        2.2000
latitude:             4.2100
longitude:          126.6300
depth:               29.7000
Mrr:            6.450000E+24
Mtt:            2.100000E+24
Mpp:           -8.550000E+24
Mrt:            1.000000E+22
Mrp:            5.980000E+24
Mtp:            3.600000E+23
