 PDE 2010 10 08 05 43 07.60    2.8300  128.2300 116.0 6.2 6.1 HALMAHERA, INDONESIA
event name:   C201010080543A
time shift:           5.1000
half duration:        2.9000
latitude:             2.8300
longitude:          128.1000
depth:              136.2000
Mrr:            1.340000E+25
Mtt:            6.610000E+24
Mpp:           -2.000000E+25
Mrt:            9.750000E+24
Mrp:            5.150000E+24
Mtp:            6.520000E+24
