 PDE 2011 03 20 12 03 46.70   39.3500  141.8200  42.0 5.8 5.8 EASTERN HONSHU, JAPAN
event name:   C201103201203A
time shift:           2.8000
half duration:        2.0000
latitude:            39.3900
longitude:          142.1400
depth:               51.2000
Mrr:            5.070000E+24
Mtt:           -2.530000E+23
Mpp:           -4.820000E+24
Mrt:            2.120000E+24
Mrp:            3.670000E+24
Mtp:           -1.020000E+24
