 PDE 2017 08 08 23 27 53.10   44.3000   82.8300  20.0 6.3 6.3 NORTHERN XINJIANG, CHINA
event name:   C201708082327A
time shift:           4.7000
half duration:        3.6000
latitude:            44.4000
longitude:           82.7400
depth:               27.6000
Mrr:            3.560000E+25
Mtt:           -4.060000E+25
Mpp:            5.050000E+24
Mrt:           -3.650000E+24
Mrp:           -1.250000E+25
Mtp:           -6.380000E+24
