 PDE 2015 08 10 10 05 25.80   36.5300   71.2100 224.0 5.9 5.9 AFGHANISTAN-TAJIKISTAN BORD REG.
event name:   C201508101005A
time shift:           0.3000
half duration:        2.2000
latitude:            36.4600
longitude:           71.0300
depth:              229.8000
Mrr:            8.270000E+24
Mtt:           -7.580000E+24
Mpp:           -6.900000E+23
Mrt:            3.290000E+24
Mrp:            3.190000E+24
Mtp:           -1.470000E+24
