 PDE 2011 11 23 19 24 31.50   37.3700  141.3700  34.0 6.1 6.1 NEAR EAST COAST OF HONSHU, JAPAN
event name:   C201111231924A
time shift:           3.4000
half duration:        2.8000
latitude:            37.3200
longitude:          141.6500
depth:               40.7000
Mrr:            1.350000E+25
Mtt:           -1.600000E+24
Mpp:           -1.190000E+25
Mrt:            4.820000E+24
Mrp:            1.270000E+25
Mtp:           -4.550000E+24
