 PDE 2013 12 28 15 21 04.00   36.0400   31.3100  39.3 5.9 5.9 TURKEY
event name:   C201312281521A
time shift:           2.6000
half duration:        2.2000
latitude:            35.8200
longitude:           30.9700
depth:               52.6000
Mrr:            7.500000E+24
Mtt:           -2.900000E+24
Mpp:           -4.600000E+24
Mrt:            3.610000E+24
Mrp:           -3.620000E+24
Mtp:            5.460000E+24
