 PDE 2016 02 05 19 57 27.40   22.9400  120.6000  23.0 6.4 6.4 TAIWAN
event name:   C201602051957A
time shift:           4.0000
half duration:        3.9000
latitude:            22.9400
longitude:          120.4300
depth:               17.3000
Mrr:            1.250000E+25
Mtt:           -4.790000E+24
Mpp:           -7.720000E+24
Mrt:            7.380000E+24
Mrp:           -4.650000E+25
Mtp:            2.070000E+25
