 PDE 2010 04 30 23 16 28.50   60.4300 -177.6100  14.3 6.3 6.3 BERING SEA
event name:   C201004302316A
time shift:           4.1000
half duration:        3.6000
latitude:            60.2900
longitude:         -177.4700
depth:               16.0000
Mrr:           -4.070000E+24
Mtt:            3.480000E+25
Mpp:           -3.070000E+25
Mrt:           -1.080000E+25
Mrp:           -2.320000E+25
Mtp:           -8.650000E+24
