 PDE 2017 06 22 12 31 03.50   13.7200  -90.9700  38.1 6.8 6.8 NEAR COAST OF GUATEMALA
event name:   C201706221231A
time shift:           5.6000
half duration:        6.0000
latitude:            13.5700
longitude:          -91.3800
depth:               38.1000
Mrr:            1.660000E+26
Mtt:           -1.280000E+26
Mpp:           -3.760000E+25
Mrt:            6.160000E+25
Mrp:           -4.650000E+25
Mtp:            6.920000E+25
