 PDE 2011 04 18 13 03 02.70  -34.3400  179.8700  86.0 6.5 6.6 SOUTH OF KERMADEC ISLANDS
event name:   C201104181303A
time shift:           4.3000
half duration:        4.5000
latitude:           -34.4000
longitude:         -179.8300
depth:               99.9000
Mrr:           -3.040000E+25
Mtt:           -1.310000E+25
Mpp:            4.350000E+25
Mrt:            2.050000E+25
Mrp:            6.560000E+25
Mtp:            9.850000E+24
