 PDE 2011 10 14 03 35 14.80   -6.5700  147.8800  37.0 6.5 6.5 EASTERN NEW GUINEA REG., P.N.G.
event name:   C201110140335A
time shift:           5.4000
half duration:        4.2000
latitude:            -6.9000
longitude:          148.1500
depth:               33.0000
Mrr:            4.260000E+25
Mtt:           -2.490000E+25
Mpp:           -1.770000E+25
Mrt:            3.690000E+25
Mrp:            2.510000E+25
Mtp:           -2.380000E+25
