 PDE 2015 10 19 13 50 41.60   13.8600  120.6200 106.0 5.8 5.8 MINDORO, PHILIPPINES
event name:   C201510191350A
time shift:           2.0000
half duration:        2.0000
latitude:            13.9200
longitude:          120.4800
depth:              122.8000
Mrr:            4.080000E+24
Mtt:           -2.300000E+24
Mpp:           -1.790000E+24
Mrt:            3.090000E+24
Mrp:           -4.470000E+24
Mtp:            3.650000E+24
