 PDE 2013 09 30 05 55 55.70  -30.8800 -178.3800  42.1 6.4 6.5 KERMADEC ISLANDS, NEW ZEALAND
event name:   C201309300555A
time shift:           5.8000
half duration:        3.9000
latitude:           -30.8300
longitude:         -177.9900
depth:               51.2000
Mrr:            4.560000E+25
Mtt:           -2.120000E+24
Mpp:           -4.350000E+25
Mrt:            2.790000E+24
Mrp:            2.120000E+25
Mtp:           -1.430000E+25
