 PDE 2017 10 31 02 20 46.00  -21.4300  168.9200  10.0 5.9 5.9 LOYALTY ISLANDS
event name:   C201710310220A
time shift:           5.0000
half duration:        2.1000
latitude:           -21.4600
longitude:          169.1000
depth:               18.0000
Mrr:            6.490000E+24
Mtt:           -1.930000E+24
Mpp:           -4.570000E+24
Mrt:            3.210000E+24
Mrp:           -4.650000E+24
Mtp:            2.730000E+24
