 PDE 2017 10 08 22 34 33.50   52.3900  176.7700 119.0 6.5 6.5 RAT ISLANDS, ALEUTIAN ISLANDS
event name:   C201710082234A
time shift:           3.9000
half duration:        4.6000
latitude:            52.3700
longitude:          176.8200
depth:              121.1000
Mrr:            7.780000E+24
Mtt:           -5.530000E+25
Mpp:            4.750000E+25
Mrt:            4.980000E+25
Mrp:           -4.200000E+25
Mtp:           -1.560000E+25
