 PDE 2013 01 08 14 16 09.00   39.6600   25.5400  12.9 5.8 5.8 AEGEAN SEA
event name:   C201301081416A
time shift:           2.4000
half duration:        2.0000
latitude:            39.6200
longitude:           25.6100
depth:               14.6000
Mrr:           -1.760000E+24
Mtt:            6.460000E+24
Mpp:           -4.700000E+24
Mrt:           -7.830000E+23
Mrp:           -1.590000E+23
Mtp:           -3.500000E+24
