 PDE 2014 10 07 13 49 39.70   23.3800  100.4700   8.5 6.1 6.1 YUNNAN, CHINA
event name:   C201410071349A
time shift:           3.9000
half duration:        2.8000
latitude:            23.3800
longitude:          100.5400
depth:               12.1000
Mrr:           -3.400000E+23
Mtt:           -1.610000E+25
Mpp:            1.640000E+25
Mrt:            1.560000E+24
Mrp:            3.290000E+24
Mtp:            9.040000E+24
