 PDE 2015 12 25 19 14 47.20   36.4900   71.1300 206.0 6.3 6.3 AFGHANISTAN-TAJIKISTAN BORD REG.
event name:   C201512251914A
time shift:           2.2000
half duration:        3.5000
latitude:            36.4600
longitude:           71.0600
depth:              213.7000
Mrr:            4.640000E+25
Mtt:           -2.570000E+25
Mpp:           -2.070000E+25
Mrt:            6.570000E+24
Mrp:           -6.330000E+24
Mtp:           -4.380000E+24
