 PDE 2019 07 15 08 21 34.20   -5.9700  149.4900  42.0 6.3 6.3 NEW BRITAIN REGION, P.N.G.
event name:   C201907150821A
time shift:           7.0000
half duration:        3.5000
latitude:            -6.2500
longitude:          149.6500
depth:               50.7000
Mrr:            3.640000E+25
Mtt:           -4.040000E+25
Mpp:            4.020000E+24
Mrt:            1.460000E+24
Mrp:           -1.500000E+23
Mtp:           -2.080000E+24
