 PDE 2011 09 16 19 26 41.00   40.2700  142.7800  35.0 6.7 6.7 NEAR EAST COAST OF HONSHU, JAPAN
event name:   C201109161926A
time shift:           9.6000
half duration:        5.3000
latitude:            40.2000
longitude:          143.2200
depth:               22.5000
Mrr:            7.140000E+25
Mtt:           -1.000000E+23
Mpp:           -7.120000E+25
Mrt:            4.350000E+25
Mrp:            9.380000E+25
Mtp:           -1.340000E+25
