 PDE 2018 10 16 00 28 13.10  -21.9200  169.4900  12.0 6.3 6.3 SOUTHEAST OF LOYALTY ISLANDS
event name:   C201810160028A
time shift:           8.8000
half duration:        3.5000
latitude:           -21.7700
longitude:          169.6300
depth:               21.6000
Mrr:           -9.800000E+23
Mtt:            2.060000E+25
Mpp:           -1.960000E+25
Mrt:            1.500000E+25
Mrp:           -2.680000E+25
Mtp:           -4.970000E+24
