 PDE 2019 09 21 19 53 13.40   -6.4600  130.4200  65.0 5.9 5.9 BANDA SEA
event name:   C201909211953A
time shift:           2.0000
half duration:        2.1000
latitude:            -6.4600
longitude:          130.5000
depth:               87.8000
Mrr:            7.020000E+24
Mtt:           -5.800000E+24
Mpp:           -1.210000E+24
Mrt:            4.900000E+23
Mrp:            2.430000E+24
Mtp:            4.590000E+24
