 PDE 2011 03 09 18 44 38.50   38.5000  143.1700  23.8 5.9 5.9 OFF EAST COAST OF HONSHU, JAPAN
event name:   C201103091844A
time shift:           1.7000
half duration:        2.2000
latitude:            38.4700
longitude:          143.5000
depth:               18.3000
Mrr:            4.610000E+24
Mtt:           -2.440000E+23
Mpp:           -4.360000E+24
Mrt:            3.090000E+24
Mrp:            6.490000E+24
Mtp:           -1.450000E+24
