 PDE 2019 03 23 19 21 18.00    4.5600  -76.2200 122.0 6.1 6.1 COLOMBIA
event name:   C201903231921A
time shift:           2.5000
half duration:        2.7000
latitude:             4.6200
longitude:          -76.3100
depth:              128.8000
Mrr:           -3.780000E+24
Mtt:           -2.490000E+24
Mpp:            6.280000E+24
Mrt:            3.000000E+22
Mrp:           -1.580000E+25
Mtp:            9.600000E+23
