 PDE 2010 04 05 10 05 46.10   -0.1900  125.0000  35.0 6.1 6.2 SOUTHERN MOLUCCA SEA
event name:   C201004051005A
time shift:           4.7000
half duration:        2.8000
latitude:            -0.2500
longitude:          125.0700
depth:               28.4000
Mrr:            5.050000E+24
Mtt:           -7.730000E+24
Mpp:            2.680000E+24
Mrt:            1.710000E+25
Mrp:            1.520000E+24
Mtp:           -4.390000E+24
