 PDE 2016 07 31 11 33 20.60  -56.2600  -27.5400  99.0 5.9 5.9 SOUTH SANDWICH ISLANDS REGION
event name:   C201607311133A
time shift:           3.4000
half duration:        2.2000
latitude:           -56.2400
longitude:          -27.1900
depth:              108.8000
Mrr:            2.310000E+23
Mtt:            1.090000E+24
Mpp:           -1.320000E+24
Mrt:           -4.860000E+24
Mrp:            1.070000E+24
Mtp:            7.530000E+24
