 PDE 2018 03 06 14 13 07.70   -6.3000  142.6100  20.5 6.7 6.7 NEW GUINEA, PAPUA NEW GUINEA
event name:   C201803061413A
time shift:          15.2000
half duration:        5.3000
latitude:            -6.4300
longitude:          142.4900
depth:               12.0000
Mrr:            8.320000E+25
Mtt:           -6.390000E+25
Mpp:           -1.930000E+25
Mrt:            8.040000E+25
Mrp:           -5.780000E+25
Mtp:            3.890000E+25
