 PDE 2013 09 04 00 23 12.90   51.2000 -129.9000   9.9 6.0 6.0 QUEEN CHARLOTTE ISLANDS REGION
event name:   C201309040023A
time shift:           0.8000
half duration:        2.4000
latitude:            51.1400
longitude:         -130.4300
depth:               16.6000
Mrr:           -1.000000E+23
Mtt:            1.920000E+24
Mpp:           -1.820000E+24
Mrt:            5.100000E+23
Mrp:           -5.470000E+24
Mtp:            1.130000E+25
