 PDE 2010 04 30 23 11 43.30   60.4700 -177.8800  13.5 6.5 6.7 BERING SEA
event name:   C201004302311A
time shift:           5.7000
half duration:        4.3000
latitude:            60.4500
longitude:         -177.7100
depth:               15.0000
Mrr:            1.320000E+24
Mtt:            6.190000E+25
Mpp:           -6.320000E+25
Mrt:            3.420000E+24
Mrp:           -1.460000E+25
Mtp:           -1.870000E+25
