 PDE 2011 02 21 23 51 43.00  -43.6000  172.7100   5.0 6.1 6.3 SOUTH ISLAND, NEW ZEALAND
event name:   C201102212351A
time shift:           4.7000
half duration:        2.8000
latitude:           -43.6000
longitude:          172.5200
depth:               12.0000
Mrr:            1.090000E+25
Mtt:            6.020000E+24
Mpp:           -1.700000E+25
Mrt:            3.150000E+24
Mrp:           -2.690000E+24
Mtp:           -1.200000E+25
