 PDE 2017 11 16 07 02 38.10  -21.5400  168.5100  10.0 5.9 5.9 LOYALTY ISLANDS
event name:   C201711160702B
time shift:           5.7000
half duration:        2.1000
latitude:           -21.4500
longitude:          168.5700
depth:               12.0000
Mrr:           -7.140000E+24
Mtt:            2.570000E+24
Mpp:            4.580000E+24
Mrt:           -1.030000E+24
Mrp:            2.850000E+24
Mtp:           -3.520000E+24
