 PDE 2013 09 05 04 01 36.00   15.2100  -45.1700  10.0 6.0 6.0 NORTHERN MID-ATLANTIC RIDGE
event name:   C201309050401A
time shift:           2.2000
half duration:        2.4000
latitude:            15.2900
longitude:          -45.0300
depth:               12.0000
Mrr:           -2.200000E+24
Mtt:           -2.590000E+24
Mpp:            4.790000E+24
Mrt:            3.000000E+22
Mrp:            4.800000E+23
Mtp:           -1.130000E+25
