 PDE 2016 06 30 11 30 33.00  -16.0600  167.4700  27.0 6.0 6.0 VANUATU ISLANDS
event name:   C201606301130A
time shift:           4.4000
half duration:        2.3000
latitude:           -16.0200
longitude:          167.3600
depth:               37.7000
Mrr:            9.270000E+24
Mtt:           -1.600000E+23
Mpp:           -9.110000E+24
Mrt:           -2.660000E+24
Mrp:            1.200000E+23
Mtp:            4.980000E+24
