 PDE 2014 01 01 16 03 29.00  -13.8600  167.2500 187.0 6.5 6.5 VANUATU ISLANDS
event name:   C201401011603A
time shift:           5.8000
half duration:        4.5000
latitude:           -13.8900
longitude:          167.1000
depth:              198.2000
Mrr:            7.450000E+25
Mtt:           -3.600000E+24
Mpp:           -7.090000E+25
Mrt:           -2.420000E+25
Mrp:           -4.800000E+24
Mtp:            2.080000E+25
