 PDE 2014 12 07 21 16 35.70   13.6700  -91.4600  32.0 6.0 6.1 NEAR COAST OF GUATEMALA
event name:   C201412072116A
time shift:           4.2000
half duration:        2.6000
latitude:            13.6500
longitude:          -91.8400
depth:               25.8000
Mrr:            1.040000E+25
Mtt:           -6.740000E+24
Mpp:           -3.680000E+24
Mrt:            7.480000E+24
Mrp:           -7.670000E+24
Mtp:            5.510000E+24
