 PDE 2012 07 18 04 25 25.60  -55.6600 -128.8900  10.0 5.9 5.9 PACIFIC-ANTARCTIC RIDGE
event name:   C201207180425A
time shift:           4.9000
half duration:        2.1000
latitude:           -55.3600
longitude:         -128.9600
depth:               20.3000
Mrr:           -1.290000E+24
Mtt:            5.840000E+24
Mpp:           -4.550000E+24
Mrt:           -2.760000E+23
Mrp:            4.130000E+23
Mtp:            6.460000E+24
