 PDE 2011 11 28 12 26 45.50   -5.4800  153.7200  25.0 6.1 6.2 NEW IRELAND REGION, P.N.G.
event name:   C201111281226A
time shift:           5.0000
half duration:        2.8000
latitude:            -5.7700
longitude:          153.6200
depth:               33.1000
Mrr:            1.720000E+25
Mtt:           -1.180000E+25
Mpp:           -5.400000E+24
Mrt:            7.620000E+24
Mrp:           -1.640000E+24
Mtp:            9.610000E+24
