 PDE 2017 03 05 22 47 54.00   -5.9900  149.3600  37.0 6.3 6.3 NEW BRITAIN REGION, P.N.G.
event name:   C201703052247A
time shift:           6.1000
half duration:        3.5000
latitude:            -6.3000
longitude:          149.5400
depth:               48.4000
Mrr:            3.390000E+25
Mtt:           -3.910000E+25
Mpp:            5.240000E+24
Mrt:            6.490000E+24
Mrp:           -1.680000E+24
Mtp:           -8.400000E+23
