 PDE 2015 10 23 01 40 06.30  -54.2300    6.1600  11.0 6.1 6.2 BOUVET ISLAND REGION
event name:   C201510230140A
time shift:           8.7000
half duration:        2.8000
latitude:           -54.3300
longitude:            6.5300
depth:               15.1000
Mrr:           -2.810000E+24
Mtt:            1.990000E+25
Mpp:           -1.710000E+25
Mrt:            2.070000E+24
Mrp:            3.090000E+24
Mtp:            3.400000E+24
