 PDE 2016 04 01 02 39 08.10   33.3800  136.3900  14.0 5.9 5.9 NEAR S. COAST OF WESTERN HONSHU
event name:   C201604010239A
time shift:           3.7000
half duration:        2.2000
latitude:            33.2200
longitude:          136.4500
depth:               18.8000
Mrr:            5.420000E+24
Mtt:           -3.100000E+24
Mpp:           -2.320000E+24
Mrt:            5.580000E+24
Mrp:            4.900000E+24
Mtp:           -2.650000E+24
