 PDE 2014 12 31 01 37 33.90   -4.4400  144.0000 123.0 5.8 5.8 NEAR N COAST OF NEW GUINEA, PNG.
event name:   C201412310137A
time shift:           2.8000
half duration:        2.0000
latitude:            -4.5100
longitude:          144.0000
depth:              133.9000
Mrr:            4.600000E+24
Mtt:           -2.510000E+24
Mpp:           -2.080000E+24
Mrt:            6.790000E+23
Mrp:            3.190000E+24
Mtp:            3.980000E+24
