 PDE 2014 06 19 19 54 04.90  -19.8400  -70.8700  10.6 5.8 5.8 NEAR COAST OF NORTHERN CHILE
event name:   C201406191954A
time shift:           6.7000
half duration:        1.9000
latitude:           -19.8000
longitude:          -71.1500
depth:               23.0000
Mrr:            4.000000E+24
Mtt:            4.430000E+23
Mpp:           -4.450000E+24
Mrt:            8.360000E+23
Mrp:           -4.430000E+24
Mtp:            8.920000E+23
