 PDE 2018 09 09 19 31 35.10  -10.0200  161.5000  68.0 6.5 6.5 SOLOMON ISLANDS
event name:   C201809091931A
time shift:           4.8000
half duration:        4.4000
latitude:           -10.1600
longitude:          161.4800
depth:               70.6000
Mrr:            5.140000E+25
Mtt:           -3.230000E+25
Mpp:           -1.910000E+25
Mrt:            1.350000E+25
Mrp:            3.500000E+25
Mtp:            4.820000E+25
