 PDE 2015 09 24 15 53 27.70   -0.6200  131.2600  18.0 6.6 6.6 IRIAN JAYA REGION, INDONESIA
event name:   C201509241553A
time shift:           6.0000
half duration:        4.8000
latitude:            -0.6200
longitude:          131.2300
depth:               18.9000
Mrr:            9.760000E+25
Mtt:           -7.040000E+25
Mpp:           -2.720000E+25
Mrt:            4.100000E+24
Mrp:            4.000000E+23
Mtp:            3.530000E+25
