 PDE 2011 09 15 08 00 09.60   36.2600  141.3400  28.0 6.2 6.2 NEAR EAST COAST OF HONSHU, JAPAN
event name:   C201109150800A
time shift:           3.6000
half duration:        3.2000
latitude:            36.2200
longitude:          141.5400
depth:               27.9000
Mrr:            1.750000E+25
Mtt:           -1.940000E+24
Mpp:           -1.550000E+25
Mrt:            7.320000E+24
Mrp:            2.080000E+25
Mtp:           -7.410000E+24
