 PDE 2013 02 06 01 54 14.60  -10.5000  165.5900   8.8 7.0 7.0 SANTA CRUZ ISLANDS
event name:   C201302060154A
time shift:           8.8000
half duration:        7.5000
latitude:           -10.4400
longitude:          165.5600
depth:               14.1000
Mrr:           -1.680000E+25
Mtt:            2.500000E+26
Mpp:           -2.330000E+26
Mrt:            3.190000E+25
Mrp:           -4.050000E+25
Mtp:           -2.770000E+26
