 PDE 2014 05 11 01 10 15.70   -3.4300  146.1100  10.0 5.9 5.9 BISMARCK SEA
event name:   C201405110110A
time shift:           4.3000
half duration:        2.1000
latitude:            -3.3200
longitude:          146.1800
depth:               12.0000
Mrr:           -3.500000E+22
Mtt:           -8.440000E+23
Mpp:            8.790000E+23
Mrt:            4.020000E+23
Mrp:           -9.860000E+23
Mtp:            8.340000E+24
