 PDE 2014 05 24 09 25 03.10   40.3000   25.3800  10.0 6.9 6.9 AEGEAN SEA
event name:   C201405240925A
time shift:          15.7000
half duration:        6.6000
latitude:            40.3000
longitude:           25.6700
depth:               12.0000
Mrr:           -5.060000E+25
Mtt:            1.630000E+26
Mpp:           -1.120000E+26
Mrt:           -2.500000E+24
Mrp:           -1.900000E+25
Mtp:           -2.040000E+26
