 PDE 2012 04 29 10 28 51.90   35.6000  140.3500  44.0 5.8 5.8 NEAR EAST COAST OF HONSHU, JAPAN
event name:   C201204291028A
time shift:           2.8000
half duration:        2.0000
latitude:            35.6200
longitude:          140.7100
depth:               47.6000
Mrr:            5.090000E+24
Mtt:            2.580000E+23
Mpp:           -5.350000E+24
Mrt:           -5.060000E+23
Mrp:            4.200000E+24
Mtp:           -4.080000E+23
