 PDE 2011 07 29 07 42 22.60  -23.7800  179.7600 523.0 6.7 6.7 SOUTH OF FIJI ISLANDS
event name:   C201107290742A
time shift:           5.4000
half duration:        5.6000
latitude:           -23.7800
longitude:          179.9200
depth:              539.0000
Mrr:            1.190000E+26
Mtt:           -1.360000E+26
Mpp:            1.750000E+25
Mrt:           -6.400000E+25
Mrp:           -5.140000E+25
Mtp:           -2.210000E+25
