 PDE 2011 05 24 03 40 52.20   39.7200  143.2400  21.9 5.9 5.8 OFF EAST COAST OF HONSHU, JAPAN
event name:   C201105240340A
time shift:           4.3000
half duration:        2.1000
latitude:            39.7500
longitude:          143.4200
depth:               25.0000
Mrr:            3.450000E+24
Mtt:           -4.400000E+22
Mpp:           -3.410000E+24
Mrt:            3.080000E+24
Mrp:            6.370000E+24
Mtp:           -9.000000E+23
