 PDE 2011 03 09 21 24 02.70   38.2900  142.8000  22.0 6.5 6.4 NEAR EAST COAST OF HONSHU, JAPAN
event name:   C201103092124B
time shift:           6.3000
half duration:        4.1000
latitude:            38.2700
longitude:          142.8200
depth:               22.6000
Mrr:            3.790000E+25
Mtt:           -2.780000E+24
Mpp:           -3.510000E+25
Mrt:            1.900000E+25
Mrp:            4.420000E+25
Mtp:           -1.040000E+25
