 PDE 2016 07 06 01 01 57.70  -56.7700 -142.0800  10.0 5.8 5.8 PACIFIC-ANTARCTIC RIDGE
event name:   C201607060101A
time shift:           7.3000
half duration:        2.0000
latitude:           -56.9600
longitude:         -141.5500
depth:               22.9000
Mrr:           -5.850000E+23
Mtt:            5.190000E+24
Mpp:           -4.610000E+24
Mrt:            2.240000E+23
Mrp:           -5.810000E+23
Mtp:            4.460000E+24
