 PDE 2016 04 29 01 33 38.90   10.2700 -103.7400  10.0 6.6 6.6 NORTHERN EAST PACIFIC RISE
event name:   C201604290133A
time shift:           4.0000
half duration:        4.9000
latitude:            10.4200
longitude:         -103.9000
depth:               15.0000
Mrr:           -2.500000E+24
Mtt:           -4.190000E+25
Mpp:            4.440000E+25
Mrt:           -1.400000E+24
Mrp:           -3.000000E+24
Mtp:            9.530000E+25
