 PDE 2011 01 05 06 46 14.60  -22.2600  171.6300 112.2 6.1 6.1 SOUTHEAST OF LOYALTY ISLANDS
event name:   C201101050646A
time shift:           3.7000
half duration:        2.7000
latitude:           -22.4800
longitude:          171.5800
depth:              125.9000
Mrr:            5.330000E+24
Mtt:           -1.180000E+25
Mpp:            6.450000E+24
Mrt:            9.400000E+24
Mrp:            7.660000E+24
Mtp:            6.340000E+24
