 PDE 2017 01 30 23 35 24.20  -14.7700  167.1600  79.0 5.9 5.9 VANUATU ISLANDS
event name:   C201701302335A
time shift:           3.7000
half duration:        2.3000
latitude:           -14.8200
longitude:          166.8600
depth:               87.5000
Mrr:            1.740000E+24
Mtt:            1.780000E+24
Mpp:           -3.520000E+24
Mrt:           -6.890000E+24
Mrp:            4.600000E+23
Mtp:            6.690000E+24
