 PDE 2016 06 20 03 50 55.20  -20.2100  168.7600  15.0 5.9 6.0 LOYALTY ISLANDS
event name:   C201606200350A
time shift:           7.3000
half duration:        2.3000
latitude:           -20.0400
longitude:          168.5500
depth:               29.8000
Mrr:            8.270000E+24
Mtt:           -7.300000E+23
Mpp:           -7.530000E+24
Mrt:            2.250000E+24
Mrp:           -5.370000E+24
Mtp:            3.440000E+24
