 PDE 2013 04 30 06 25 23.20   37.5900  -24.9100  10.0 5.8 5.9 AZORES ISLANDS REGION
event name:   C201304300625A
time shift:           4.2000
half duration:        2.0000
latitude:            37.6000
longitude:          -24.6200
depth:               13.8000
Mrr:           -4.910000E+24
Mtt:            3.810000E+24
Mpp:            1.110000E+24
Mrt:           -7.000000E+22
Mrp:           -8.650000E+23
Mtp:           -5.290000E+24
