 PDE 2016 06 21 16 26 34.40   22.6600  -45.1400  10.0 6.1 6.1 NORTHERN MID-ATLANTIC RIDGE
event name:   C201606211626A
time shift:           3.8000
half duration:        2.9000
latitude:            22.7400
longitude:          -44.9500
depth:               12.0000
Mrr:           -1.990000E+25
Mtt:           -1.600000E+23
Mpp:            2.000000E+25
Mrt:           -1.390000E+24
Mrp:           -3.390000E+24
Mtp:            4.520000E+24
