 PDE 2011 12 27 15 21 56.80   51.8400   95.9100  15.0 6.7 6.7 SOUTHWESTERN SIBERIA, RUSSIA
event name:   C201112271521A
time shift:           7.0000
half duration:        5.4000
latitude:            51.7800
longitude:           95.9100
depth:               19.5000
Mrr:            3.970000E+25
Mtt:           -8.300000E+25
Mpp:            4.330000E+25
Mrt:            4.520000E+25
Mrp:            1.150000E+25
Mtp:            1.120000E+26
