 PDE 2010 02 12 12 03 38.80  -33.6200  -68.7900 148.2 5.8 5.8 MENDOZA PROVINCE, ARGENTINA
event name:   C201002121203A
time shift:           4.8000
half duration:        2.0000
latitude:           -33.6300
longitude:          -69.0200
depth:              173.5000
Mrr:           -2.400000E+24
Mtt:            5.730000E+24
Mpp:           -3.330000E+24
Mrt:            1.000000E+22
Mrp:           -3.980000E+24
Mtp:           -2.930000E+24
