 PDE 2015 04 20 01 42 58.40   24.2000  122.3200  29.0 6.4 6.4 TAIWAN REGION
event name:   C201504200142A
time shift:           2.5000
half duration:        3.7000
latitude:            23.9600
longitude:          122.3100
depth:               34.4000
Mrr:            3.440000E+25
Mtt:           -3.570000E+25
Mpp:            1.250000E+24
Mrt:            2.400000E+25
Mrp:            2.080000E+24
Mtp:            6.170000E+24
