 PDE 2011 03 12 03 11 57.80   35.9500  141.3400  16.7 5.9 0.0 NEAR EAST COAST OF HONSHU, JAPAN
event name:   C201103120311A
time shift:           4.0000
half duration:        2.2000
latitude:            36.0300
longitude:          141.5400
depth:               35.0000
Mrr:           -1.090000E+25
Mtt:            6.620000E+24
Mpp:            4.240000E+24
Mrt:           -6.800000E+23
Mrp:           -2.600000E+23
Mtp:            5.000000E+22
