 PDE 2014 03 27 03 49 42.70  -12.1000  166.5900  98.0 6.0 6.0 SANTA CRUZ ISLANDS
event name:   C201403270349A
time shift:           4.4000
half duration:        2.4000
latitude:           -12.1300
longitude:          166.4600
depth:              116.1000
Mrr:            1.080000E+25
Mtt:           -2.050000E+24
Mpp:           -8.770000E+24
Mrt:            2.400000E+23
Mrp:           -5.480000E+24
Mtp:            2.880000E+24
