 PDE 2011 07 11 20 47 04.30    9.5100  122.1700  19.0 6.5 6.4 NEGROS, PHILIPPINES
event name:   C201107112047A
time shift:           7.3000
half duration:        4.3000
latitude:             9.6500
longitude:          122.1100
depth:               16.8000
Mrr:            4.130000E+25
Mtt:            1.230000E+24
Mpp:           -4.250000E+25
Mrt:           -2.920000E+24
Mrp:           -5.550000E+25
Mtp:           -2.510000E+24
