 PDE 2012 07 20 06 32 56.10   49.3500  156.1300  10.0 5.8 5.9 KURIL ISLANDS
event name:   C201207200632A
time shift:           6.9000
half duration:        2.0000
latitude:            49.2400
longitude:          156.5400
depth:               26.8000
Mrr:            5.550000E+24
Mtt:           -1.590000E+24
Mpp:           -3.970000E+24
Mrt:            2.520000E+24
Mrp:            4.030000E+24
Mtp:           -2.510000E+24
