 PDE 2010 01 28 08 04 14.20  -23.3600  -66.7100 208.4 5.9 5.9 JUJUY PROVINCE, ARGENTINA
event name:   C201001280804A
time shift:           2.7000
half duration:        2.1000
latitude:           -23.6400
longitude:          -66.9600
depth:              204.5000
Mrr:           -3.310000E+24
Mtt:           -1.940000E+24
Mpp:            5.250000E+24
Mrt:            4.240000E+24
Mrp:           -5.630000E+24
Mtp:           -1.320000E+24
