 PDE 2013 05 07 10 10 48.70  -19.6200  175.0500  11.0 5.9 6.0 SOUTH OF FIJI ISLANDS
event name:   C201305071010A
time shift:           4.7000
half duration:        2.3000
latitude:           -19.6200
longitude:          175.0800
depth:               12.0000
Mrr:            1.260000E+24
Mtt:           -9.770000E+24
Mpp:            8.510000E+24
Mrt:            4.800000E+23
Mrp:            1.320000E+24
Mtp:           -3.970000E+24
