 PDE 2012 11 08 02 01 50.60   49.2300 -128.4800  13.7 6.2 6.1 VANCOUVER ISLAND, CANADA REGION
event name:   C201211080201A
time shift:           0.2000
half duration:        2.9000
latitude:            48.9000
longitude:         -128.8500
depth:               12.0000
Mrr:           -1.490000E+24
Mtt:           -1.920000E+25
Mpp:            2.070000E+25
Mrt:           -5.330000E+24
Mrp:           -3.870000E+24
Mtp:           -3.930000E+24
