 PDE 2017 11 15 00 24 32.70   13.1000  143.7100 123.0 5.8 5.8 SOUTH OF MARIANA ISLANDS
event name:   C201711150024A
time shift:           6.2000
half duration:        2.0000
latitude:            12.9400
longitude:          143.7800
depth:              131.7000
Mrr:            6.670000E+23
Mtt:           -1.950000E+24
Mpp:            1.280000E+24
Mrt:            5.630000E+24
Mrp:           -2.240000E+24
Mtp:           -3.440000E+24
