 PDE 2015 06 30 03 39 29.40   -5.4500  151.5500  43.0 6.0 6.0 NEW BRITAIN REGION, P.N.G.
event name:   C201506300339A
time shift:           3.6000
half duration:        2.4000
latitude:            -5.6000
longitude:          151.6100
depth:               47.9000
Mrr:            1.020000E+25
Mtt:           -1.110000E+25
Mpp:            8.700000E+23
Mrt:            3.170000E+24
Mrp:           -1.940000E+24
Mtp:           -3.510000E+24
