 PDE 2018 08 15 21 56 56.80   51.4300 -178.0400  38.4 6.6 6.6 ANDREANOF ISLANDS, ALEUTIAN IS.
event name:   C201808152156A
time shift:           2.4000
half duration:        4.7000
latitude:            51.2500
longitude:         -177.8100
depth:               35.8000
Mrr:            6.500000E+25
Mtt:           -5.920000E+25
Mpp:           -5.800000E+24
Mrt:            4.430000E+25
Mrp:            4.060000E+25
Mtp:           -2.480000E+25
