 PDE 2010 05 08 03 22 09.60   -8.0900  118.2600  12.0 5.9 5.9 SUMBAWA REGION, INDONESIA
event name:   C201005080322A
time shift:           5.1000
half duration:        2.1000
latitude:            -8.0700
longitude:          118.2700
depth:               12.0000
Mrr:            5.800000E+24
Mtt:           -6.200000E+24
Mpp:            4.000000E+23
Mrt:           -5.670000E+24
Mrp:           -1.510000E+24
Mtp:           -7.600000E+23
