 PDE 2019 04 12 14 51 31.60   -6.4900  148.7400  30.0 6.1 6.0 NEW BRITAIN REGION, P.N.G.
event name:   C201904121451A
time shift:           5.3000
half duration:        2.7000
latitude:            -6.7200
longitude:          148.7300
depth:               25.2000
Mrr:            1.090000E+25
Mtt:           -1.280000E+25
Mpp:            1.910000E+24
Mrt:            1.300000E+25
Mrp:           -1.650000E+24
Mtp:           -1.750000E+24
