 PDE 2012 03 21 22 15 06.10   -6.2400  145.9600 118.0 6.6 6.6 NEW GUINEA, PAPUA NEW GUINEA
event name:   C201203212215A
time shift:           5.4000
half duration:        4.9000
latitude:            -6.2600
longitude:          145.9600
depth:              127.1000
Mrr:           -6.560000E+25
Mtt:            8.890000E+25
Mpp:           -2.330000E+25
Mrt:           -3.950000E+25
Mrp:           -1.090000E+25
Mtp:           -5.380000E+25
