 PDE 2011 08 17 11 44 08.40   36.7600  143.7700   9.0 6.2 6.2 OFF EAST COAST OF HONSHU, JAPAN
event name:   C201108171144A
time shift:           3.7000
half duration:        3.0000
latitude:            36.8000
longitude:          143.8400
depth:               12.0000
Mrr:           -2.180000E+25
Mtt:            1.240000E+25
Mpp:            9.370000E+24
Mrt:            2.160000E+24
Mrp:            5.850000E+24
Mtp:            1.060000E+25
