 PDE 2016 09 08 21 46 20.10  -54.6100  158.7100  10.0 6.0 6.1 MACQUARIE ISLAND REGION
event name:   C201609082146A
time shift:           7.9000
half duration:        2.6000
latitude:           -54.5100
longitude:          158.4700
depth:               13.7000
Mrr:            1.020000E+25
Mtt:            3.790000E+24
Mpp:           -1.400000E+25
Mrt:            9.300000E+23
Mrp:            6.100000E+23
Mtp:            1.080000E+25
