 PDE 2017 11 27 07 11 11.60   -4.5700  153.2300  54.0 6.0 6.0 NEW IRELAND REGION, P.N.G.
event name:   C201711270711A
time shift:           3.0000
half duration:        2.5000
latitude:            -4.7900
longitude:          153.0900
depth:               59.2000
Mrr:            9.960000E+24
Mtt:           -1.210000E+25
Mpp:            2.180000E+24
Mrt:            5.780000E+24
Mrp:            3.010000E+24
Mtp:            1.870000E+24
