 PDE 2010 12 28 08 34 17.50  -23.4100 -179.8000 551.0 6.3 6.3 SOUTH OF FIJI ISLANDS
event name:   C201012280834A
time shift:           5.0000
half duration:        3.4000
latitude:           -23.4900
longitude:         -179.7300
depth:              571.4000
Mrr:           -1.250000E+25
Mtt:            1.730000E+25
Mpp:           -4.840000E+24
Mrt:            2.500000E+25
Mrp:            1.400000E+23
Mtp:           -1.780000E+25
