 PDE 2015 04 22 22 57 15.60  -12.0400  166.4300  72.0 6.2 6.2 SANTA CRUZ ISLANDS
event name:   C201504222257A
time shift:           5.1000
half duration:        3.3000
latitude:           -12.0700
longitude:          166.3300
depth:               93.6000
Mrr:            2.230000E+25
Mtt:           -3.480000E+24
Mpp:           -1.890000E+25
Mrt:            3.780000E+24
Mrp:           -2.090000E+25
Mtp:            5.830000E+24
