 PDE 2017 07 10 01 41 48.20   10.9900  124.7800   7.1 5.8 5.8 LEYTE, PHILIPPINES
event name:   C201707100141A
time shift:           4.4000
half duration:        1.9000
latitude:            11.0800
longitude:          124.7600
depth:               13.6000
Mrr:           -2.010000E+23
Mtt:            5.900000E+24
Mpp:           -5.700000E+24
Mrt:           -1.060000E+24
Mrp:           -1.530000E+23
Mtp:           -2.500000E+24
