 PDE 2016 10 30 06 40 18.70   42.8600   13.1000   8.0 6.6 6.6 CENTRAL ITALY
event name:   C201610300640A
time shift:           5.3000
half duration:        4.8000
latitude:            42.7500
longitude:           13.1600
depth:               12.0000
Mrr:           -9.510000E+25
Mtt:            1.870000E+25
Mpp:            7.640000E+25
Mrt:            3.300000E+24
Mrp:           -2.770000E+25
Mtp:           -2.880000E+25
