 PDE 2019 10 14 22 23 54.20   -4.4800  101.1900  19.0 6.1 5.9 SOUTHERN SUMATRA, INDONESIA
event name:   C201910142223A
time shift:           5.7000
half duration:        3.3000
latitude:            -4.5700
longitude:          101.0400
depth:               12.0000
Mrr:            4.510000E+24
Mtt:           -1.990000E+24
Mpp:           -2.520000E+24
Mrt:            1.250000E+25
Mrp:           -9.530000E+24
Mtp:            2.750000E+24
