 PDE 2012 01 24 00 52 05.20  -24.9800  178.5200 580.3 6.3 6.4 SOUTH OF FIJI ISLANDS
event name:   C201201240052A
time shift:           3.9000
half duration:        3.6000
latitude:           -25.0000
longitude:          178.7200
depth:              581.8000
Mrr:            1.260000E+24
Mtt:           -3.370000E+24
Mpp:            2.110000E+24
Mrt:           -1.290000E+25
Mrp:           -3.540000E+25
Mtp:           -1.930000E+25
