 PDE 2014 03 17 05 11 34.90  -20.0200  -70.8800  21.0 6.4 6.4 NEAR COAST OF NORTHERN CHILE
event name:   C201403170511A
time shift:          10.9000
half duration:        3.8000
latitude:           -20.0100
longitude:          -71.0500
depth:               17.8000
Mrr:            2.510000E+25
Mtt:            1.030000E+24
Mpp:           -2.610000E+25
Mrt:            8.390000E+24
Mrp:           -3.780000E+25
Mtp:            5.160000E+24
