 PDE 2013 09 04 04 16 31.30   51.6000 -174.8100  34.6 5.9 5.9 ANDREANOF ISLANDS, ALEUTIAN IS.
event name:   C201309040416A
time shift:           0.2000
half duration:        2.2000
latitude:            51.3700
longitude:         -174.6500
depth:               22.3000
Mrr:            7.050000E+24
Mtt:           -6.220000E+24
Mpp:           -8.300000E+23
Mrt:            4.730000E+24
Mrp:            2.240000E+24
Mtp:           -2.170000E+24
