 PDE 2016 05 12 03 17 15.10   24.6900  121.9800   8.0 5.8 5.8 TAIWAN
event name:   C201605120317A
time shift:           1.4000
half duration:        2.0000
latitude:            24.7100
longitude:          121.9300
depth:               12.0000
Mrr:           -4.970000E+24
Mtt:            4.440000E+24
Mpp:            5.200000E+23
Mrt:            2.570000E+24
Mrp:            4.440000E+23
Mtp:            4.490000E+24
