 PDE 2012 08 18 15 31 40.10    2.6400  128.7000  10.0 5.8 5.8 HALMAHERA, INDONESIA
event name:   C201208181531A
time shift:           5.0000
half duration:        2.0000
latitude:             2.7500
longitude:          128.7300
depth:               13.2000
Mrr:           -4.500000E+24
Mtt:            2.950000E+24
Mpp:            1.560000E+24
Mrt:            3.940000E+24
Mrp:           -2.810000E+24
Mtp:           -2.740000E+24
