 PDE 2011 03 26 22 49 41.50  -15.8500 -179.4100  10.0 6.0 6.1 FIJI ISLANDS REGION
event name:   C201103262249A
time shift:           3.6000
half duration:        2.6000
latitude:           -15.7900
longitude:         -179.2600
depth:               12.2000
Mrr:            1.170000E+24
Mtt:           -1.250000E+25
Mpp:            1.140000E+25
Mrt:           -1.990000E+24
Mrp:            1.300000E+23
Mtp:            7.750000E+24
