 PDE 2016 06 06 02 35 32.40  -30.0200 -177.8400  43.8 6.0 6.1 KERMADEC ISLANDS, NEW ZEALAND
event name:   C201606060235A
time shift:           3.4000
half duration:        2.5000
latitude:           -30.1300
longitude:         -177.6400
depth:               49.0000
Mrr:            1.300000E+25
Mtt:           -9.000000E+22
Mpp:           -1.290000E+25
Mrt:            1.170000E+24
Mrp:            4.150000E+24
Mtp:           -3.550000E+24
