 PDE 2016 11 20 20 57 44.00  -31.6300  -68.6400 108.0 6.4 6.4 SAN JUAN PROVINCE, ARGENTINA
event name:   C201611202057A
time shift:           3.6000
half duration:        3.9000
latitude:           -31.6600
longitude:          -68.7400
depth:              119.1000
Mrr:           -5.710000E+25
Mtt:            2.150000E+25
Mpp:            3.560000E+25
Mrt:            6.010000E+24
Mrp:            6.820000E+24
Mtp:            1.500000E+25
