 PDE 2011 03 11 19 02 59.20   39.3400  142.8700  27.1 6.2 6.2 NEAR EAST COAST OF HONSHU, JAPAN
event name:   C201103111902A
time shift:           1.1000
half duration:        3.2000
latitude:            39.4300
longitude:          143.0100
depth:               30.0000
Mrr:           -2.840000E+25
Mtt:            2.250000E+25
Mpp:            5.840000E+24
Mrt:            7.040000E+24
Mrp:            1.070000E+25
Mtp:            4.480000E+24
