 PDE 2015 04 24 03 36 42.40  -42.0600  173.0100  48.0 6.0 6.1 SOUTH ISLAND, NEW ZEALAND
event name:   C201504240336A
time shift:           4.6000
half duration:        2.4000
latitude:           -42.0200
longitude:          173.0700
depth:               48.2000
Mrr:           -1.780000E+24
Mtt:            7.360000E+24
Mpp:           -5.580000E+24
Mrt:            5.690000E+24
Mrp:            7.440000E+24
Mtp:            4.990000E+24
