 PDE 2012 10 09 12 32 09.80  -60.3300  153.7000  10.0 6.6 6.6 WEST OF MACQUARIE ISLAND
event name:   C201210091232A
time shift:          10.2000
half duration:        4.7000
latitude:           -60.6500
longitude:          153.3900
depth:               20.7000
Mrr:           -1.160000E+25
Mtt:            7.250000E+25
Mpp:           -6.090000E+25
Mrt:            9.900000E+24
Mrp:            1.080000E+25
Mtp:           -5.920000E+25
