 PDE 2011 03 12 13 15 41.70   37.2500  141.1600  38.0 6.2 6.2 NEAR EAST COAST OF HONSHU, JAPAN
event name:   C201103121315A
time shift:           3.2000
half duration:        3.0000
latitude:            37.2300
longitude:          141.5300
depth:               45.5000
Mrr:            1.670000E+25
Mtt:           -3.380000E+24
Mpp:           -1.340000E+25
Mrt:            9.320000E+24
Mrp:            1.220000E+25
Mtp:           -6.510000E+24
