 PDE 2019 06 19 23 14 59.90  -12.6600  166.2600  10.0 5.8 5.7 SANTA CRUZ ISLANDS
event name:   C201906192315A
time shift:           5.3000
half duration:        2.0000
latitude:           -12.6600
longitude:          166.0500
depth:               17.5000
Mrr:            4.900000E+24
Mtt:           -1.960000E+23
Mpp:           -4.700000E+24
Mrt:            2.480000E+24
Mrp:           -3.330000E+24
Mtp:            1.470000E+24
