 PDE 2012 07 26 05 33 33.00  -17.5900   66.3900  20.0 6.6 6.7 MAURITIUS - REUNION REGION
event name:   C201207260533A
time shift:          15.7000
half duration:        5.0000
latitude:           -17.4700
longitude:           65.8800
depth:               24.8000
Mrr:           -9.400000E+24
Mtt:           -9.040000E+25
Mpp:            9.980000E+25
Mrt:           -1.470000E+25
Mrp:            1.600000E+24
Mtp:            4.450000E+25
