 PDE 2015 07 07 05 10 28.10   43.9100  147.9800  49.0 6.3 6.3 KURIL ISLANDS
event name:   C201507070510A
time shift:           3.4000
half duration:        3.5000
latitude:            43.9300
longitude:          148.1200
depth:               54.4000
Mrr:            2.180000E+25
Mtt:            6.700000E+23
Mpp:           -2.250000E+25
Mrt:            2.580000E+25
Mrp:            1.300000E+25
Mtp:           -7.270000E+24
