 PDE 2011 07 23 04 34 24.20   38.9000  141.8200  41.0 6.3 6.4 NEAR EAST COAST OF HONSHU, JAPAN
event name:   C201107230434A
time shift:           3.7000
half duration:        3.6000
latitude:            38.9600
longitude:          142.1000
depth:               47.0000
Mrr:            2.820000E+25
Mtt:           -1.200000E+24
Mpp:           -2.700000E+25
Mrt:            1.200000E+25
Mrp:            2.500000E+25
Mtp:           -7.140000E+24
