 PDE 2013 12 01 06 29 57.80    2.0400   96.8300  20.0 6.0 6.0 NORTHERN SUMATRA, INDONESIA
event name:   C201312010629A
time shift:           5.9000
half duration:        2.5000
latitude:             1.9100
longitude:           96.5800
depth:               21.2000
Mrr:            6.840000E+24
Mtt:           -4.180000E+24
Mpp:           -2.650000E+24
Mrt:            7.050000E+24
Mrp:           -8.810000E+24
Mtp:            3.520000E+24
