 PDE 2015 05 19 13 54 56.50  -18.6100  168.5900  50.0 5.8 5.8 VANUATU ISLANDS
event name:   C201505191354A
time shift:           4.2000
half duration:        2.0000
latitude:           -18.5600
longitude:          168.3900
depth:               56.5000
Mrr:            4.660000E+24
Mtt:            8.600000E+22
Mpp:           -4.750000E+24
Mrt:            2.280000E+24
Mrp:           -4.560000E+24
Mtp:            2.420000E+24
