 PDE 2018 10 10 23 16 02.10   49.2900  156.3000  20.0 6.5 6.5 KURIL ISLANDS
event name:   C201810102316A
time shift:           6.2000
half duration:        4.4000
latitude:            49.1800
longitude:          156.6600
depth:               21.6000
Mrr:            5.940000E+25
Mtt:           -1.770000E+25
Mpp:           -4.170000E+25
Mrt:            2.220000E+25
Mrp:            3.190000E+25
Mtp:           -2.820000E+25
