 PDE 2012 05 19 19 05 19.00   39.6700  143.3100  10.0 5.8 5.9 OFF EAST COAST OF HONSHU, JAPAN
event name:   C201205191905A
time shift:           3.9000
half duration:        2.0000
latitude:            39.6700
longitude:          143.6000
depth:               17.5000
Mrr:            3.470000E+24
Mtt:           -8.000000E+21
Mpp:           -3.460000E+24
Mrt:            2.260000E+24
Mrp:            5.530000E+24
Mtp:           -6.120000E+23
