 PDE 2013 08 25 16 07 14.70  -33.4500   57.0600   4.9 5.8 5.8 SOUTHWEST INDIAN RIDGE
event name:   C201308251607A
time shift:           4.8000
half duration:        2.0000
latitude:           -33.4500
longitude:           56.9900
depth:               15.6000
Mrr:           -8.090000E+23
Mtt:            7.640000E+23
Mpp:            4.600000E+22
Mrt:           -5.000000E+21
Mrp:            8.370000E+23
Mtp:            6.540000E+24
