 PDE 2011 03 14 06 12 36.10   37.7800  142.4600  14.0 6.0 6.1 OFF EAST COAST OF HONSHU, JAPAN
event name:   C201103140612A
time shift:           3.4000
half duration:        2.5000
latitude:            37.7700
longitude:          142.6200
depth:               20.5000
Mrr:           -5.380000E+24
Mtt:           -3.370000E+24
Mpp:            8.750000E+24
Mrt:           -6.940000E+24
Mrp:           -8.090000E+24
Mtp:            1.280000E+24
