 PDE 2014 06 23 20 06 20.70  -29.9400 -177.6100  26.6 6.7 6.7 KERMADEC ISLANDS, NEW ZEALAND
event name:   C201406232006A
time shift:           7.0000
half duration:        5.4000
latitude:           -29.9400
longitude:         -177.3000
depth:               36.8000
Mrr:            1.130000E+26
Mtt:           -1.120000E+25
Mpp:           -1.010000E+26
Mrt:            1.410000E+25
Mrp:            7.910000E+25
Mtp:           -2.950000E+25
