 PDE 2013 05 27 03 36 30.10   14.5500   53.8900  10.3 5.9 5.9 OWEN FRACTURE ZONE REGION
event name:   C201305270336A
time shift:           1.8000
half duration:        2.2000
latitude:            14.5300
longitude:           53.7000
depth:               17.9000
Mrr:           -9.100000E+23
Mtt:            7.070000E+24
Mpp:           -6.160000E+24
Mrt:            2.730000E+24
Mrp:            3.900000E+23
Mtp:            6.030000E+24
