 PDE 2015 05 07 07 10 19.60   -7.2200  154.5600  10.0 7.0 7.1 SOLOMON ISLANDS
event name:   C201505070710A
time shift:          14.0000
half duration:        7.6000
latitude:            -7.3600
longitude:          154.4900
depth:               12.0000
Mrr:           -3.360000E+26
Mtt:            2.600000E+26
Mpp:            7.620000E+25
Mrt:           -2.580000E+25
Mrp:            8.080000E+25
Mtp:           -1.990000E+26
