 PDE 2011 03 15 13 27 56.60   37.5800  142.2400  28.0 6.1 6.1 OFF EAST COAST OF HONSHU, JAPAN
event name:   C201103151327A
time shift:           4.8000
half duration:        2.7000
latitude:            37.6700
longitude:          142.1300
depth:               27.8000
Mrr:            2.000000E+24
Mtt:            3.480000E+24
Mpp:           -5.480000E+24
Mrt:           -1.260000E+25
Mrp:            9.610000E+24
Mtp:            1.910000E+24
