 PDE 2018 10 23 04 34 58.60   24.1100  122.6000  30.0 5.8 5.8 TAIWAN REGION
event name:   C201810230434A
time shift:           0.6000
half duration:        2.1000
latitude:            23.9000
longitude:          122.5000
depth:               38.3000
Mrr:            5.060000E+24
Mtt:           -6.200000E+24
Mpp:            1.140000E+24
Mrt:            4.110000E+24
Mrp:            2.580000E+24
Mtp:           -1.000000E+23
