 PDE 2012 08 19 22 41 49.80   -4.7700  144.5700  73.0 6.2 6.3 NEAR N COAST OF NEW GUINEA, PNG.
event name:   C201208192241A
time shift:           5.4000
half duration:        3.3000
latitude:            -4.9200
longitude:          144.6000
depth:               80.5000
Mrr:            2.090000E+25
Mtt:           -2.100000E+25
Mpp:            1.100000E+23
Mrt:            2.000000E+25
Mrp:           -4.400000E+24
Mtp:            5.660000E+24
