 PDE 2016 04 14 15 03 47.20   32.7000  130.7200   8.0 6.0 6.0 KYUSHU, JAPAN
event name:   C201604141503A
time shift:           3.7000
half duration:        2.4000
latitude:            32.7100
longitude:          130.6900
depth:               12.0000
Mrr:            9.000000E+22
Mtt:            9.690000E+24
Mpp:           -9.780000E+24
Mrt:            2.210000E+24
Mrp:           -1.230000E+24
Mtp:            5.820000E+24
