 PDE 2018 01 13 11 24 34.70  -11.1600  163.0300  11.0 5.8 5.8 SOLOMON ISLANDS
event name:   C201801131124A
time shift:           3.7000
half duration:        1.9000
latitude:           -11.0400
longitude:          162.9900
depth:               13.6000
Mrr:           -2.650000E+23
Mtt:           -9.480000E+23
Mpp:            1.210000E+24
Mrt:            7.350000E+23
Mrp:           -1.890000E+24
Mtp:            5.870000E+24
