 PDE 2016 02 27 21 29 43.60  -51.7900  139.6000  10.0 6.1 6.1 WESTERN INDIAN-ANTARCTIC RIDGE
event name:   C201602272129A
time shift:           4.2000
half duration:        2.7000
latitude:           -51.7500
longitude:          139.6100
depth:               13.6000
Mrr:           -5.700000E+23
Mtt:            1.180000E+24
Mpp:           -6.100000E+23
Mrt:           -7.200000E+23
Mrp:           -1.500000E+23
Mtp:           -1.680000E+25
