 PDE 2011 10 27 00 15 24.50  -17.9400 -179.5300 602.9 6.0 6.0 FIJI ISLANDS REGION
event name:   C201110270015A
time shift:           3.0000
half duration:        2.4000
latitude:           -17.9800
longitude:         -179.4000
depth:              608.7000
Mrr:           -4.030000E+24
Mtt:            4.620000E+24
Mpp:           -5.900000E+23
Mrt:            5.010000E+24
Mrp:           -8.480000E+24
Mtp:           -3.690000E+24
