 PDE 2017 08 27 04 17 51.00   -1.4500  148.0800   8.0 6.3 6.3 ADMIRALTY ISLANDS REGION, P.N.G.
event name:   C201708270417A
time shift:           5.8000
half duration:        3.5000
latitude:            -1.2500
longitude:          148.1500
depth:               15.9000
Mrr:           -6.260000E+24
Mtt:           -3.290000E+25
Mpp:            3.910000E+25
Mrt:            2.140000E+24
Mrp:            2.590000E+24
Mtp:            2.770000E+24
