 PDE 2012 10 12 00 31 28.30   -4.8900  134.0300  13.0 6.6 6.6 IRIAN JAYA REGION, INDONESIA
event name:   C201210120031A
time shift:           5.4000
half duration:        4.7000
latitude:            -4.8400
longitude:          133.9700
depth:               19.6000
Mrr:           -7.690000E+25
Mtt:           -7.500000E+24
Mpp:            8.440000E+25
Mrt:           -1.350000E+25
Mrp:            3.480000E+25
Mtp:            1.720000E+25
