 PDE 2016 12 08 21 56 07.50  -10.8400  161.3100  12.3 6.5 6.5 SOLOMON ISLANDS
event name:   C201612082156A
time shift:           6.0000
half duration:        4.6000
latitude:           -10.7700
longitude:          161.2900
depth:               23.2000
Mrr:            7.210000E+25
Mtt:           -2.200000E+25
Mpp:           -5.010000E+25
Mrt:            4.000000E+23
Mrp:           -4.250000E+25
Mtp:            3.150000E+25
