 PDE 2019 05 09 23 48 42.80   31.7700  131.8500  22.0 6.3 6.1 KYUSHU, JAPAN
event name:   C201905092348A
time shift:           4.0000
half duration:        3.3000
latitude:            31.7800
longitude:          131.9200
depth:               30.4000
Mrr:            2.290000E+25
Mtt:           -6.080000E+24
Mpp:           -1.690000E+25
Mrt:            1.160000E+25
Mrp:            1.780000E+25
Mtp:           -1.010000E+25
