 PDE 2017 11 16 09 43 33.90   32.2200  140.5500  59.0 5.9 5.8 SOUTHEAST OF HONSHU, JAPAN
event name:   C201711160943A
time shift:           2.3000
half duration:        2.1000
latitude:            32.2900
longitude:          140.5500
depth:               83.6000
Mrr:            2.240000E+24
Mtt:           -3.800000E+22
Mpp:           -2.200000E+24
Mrt:            1.170000E+23
Mrp:           -6.240000E+24
Mtp:           -4.150000E+24
