 PDE 2014 05 18 01 02 32.60    4.2500   92.7600  35.0 6.0 6.0 OFF W COAST OF NORTHERN SUMATRA
event name:   C201405180102A
time shift:           1.4000
half duration:        2.6000
latitude:             4.3300
longitude:           92.6900
depth:               45.6000
Mrr:            1.400000E+25
Mtt:           -7.980000E+24
Mpp:           -5.970000E+24
Mrt:           -4.300000E+23
Mrp:            4.700000E+23
Mtp:           -8.680000E+24
