 PDE 2013 06 24 22 04 13.50   10.7000  -42.5900  10.0 6.5 6.6 NORTHERN MID-ATLANTIC RIDGE
event name:   C201306242204A
time shift:           4.4000
half duration:        4.2000
latitude:            10.9100
longitude:          -42.4600
depth:               18.2000
Mrr:           -3.290000E+24
Mtt:           -8.310000E+24
Mpp:            1.160000E+25
Mrt:            6.720000E+24
Mrp:            1.640000E+25
Mtp:           -5.830000E+25
