 PDE 2012 06 10 12 44 16.60   36.4200   28.8800  35.0 6.1 6.0 DODECANESE ISLANDS, GREECE
event name:   C201206101244A
time shift:           2.4000
half duration:        2.9000
latitude:            36.2800
longitude:           29.0600
depth:               28.4000
Mrr:            2.420000E+24
Mtt:           -1.660000E+25
Mpp:            1.420000E+25
Mrt:            8.810000E+24
Mrp:            1.170000E+24
Mtp:           -1.050000E+25
