 PDE 2016 11 24 18 43 47.70   11.9100  -88.9000  10.0 6.9 6.9 OFF COAST OF CENTRAL AMERICA
event name:   C201611241843A
time shift:           5.9000
half duration:        7.1000
latitude:            11.8300
longitude:          -89.2000
depth:               12.0000
Mrr:           -3.010000E+26
Mtt:            2.020000E+26
Mpp:            9.870000E+25
Mrt:           -3.950000E+25
Mrp:            3.180000E+25
Mtp:           -1.640000E+26
