 PDE 2019 12 18 01 56 44.30  -29.7600 -178.4900  10.0 5.9 5.9 KERMADEC ISLANDS, NEW ZEALAND
event name:   C201912180156A
time shift:           4.1000
half duration:        2.1000
latitude:           -29.7500
longitude:         -178.5800
depth:               12.0000
Mrr:           -1.440000E+24
Mtt:           -3.600000E+24
Mpp:            5.040000E+24
Mrt:            2.330000E+24
Mrp:           -4.830000E+23
Mtp:            6.900000E+24
