 PDE 2010 07 30 03 56 13.70   52.5000  159.8400  23.0 6.3 6.3 OFF EAST COAST OF KAMCHATKA
event name:   C201007300356A
time shift:           5.5000
half duration:        3.4000
latitude:            52.2700
longitude:          160.3700
depth:               29.3000
Mrr:            2.670000E+25
Mtt:           -5.730000E+24
Mpp:           -2.090000E+25
Mrt:            1.160000E+25
Mrp:            1.620000E+25
Mtp:           -1.480000E+25
