 PDE 2017 12 13 18 03 43.90  -54.2200    2.1600  17.0 6.5 6.5 BOUVET ISLAND REGION
event name:   C201712131803A
time shift:          10.1000
half duration:        4.3000
latitude:           -54.4000
longitude:            2.2800
depth:               20.1000
Mrr:           -9.340000E+24
Mtt:            7.410000E+25
Mpp:           -6.470000E+25
Mrt:            2.980000E+24
Mrp:            1.070000E+25
Mtp:            4.100000E+23
