 PDE 2017 01 03 21 52 30.70  -19.3700  176.0500  12.0 6.9 6.9 SOUTH OF FIJI ISLANDS
event name:   C201701032152A
time shift:           7.7000
half duration:        7.1000
latitude:           -19.2800
longitude:          176.0000
depth:               17.3000
Mrr:           -3.020000E+26
Mtt:            3.930000E+25
Mpp:            2.620000E+26
Mrt:           -2.200000E+25
Mrp:            4.000000E+23
Mtp:            1.320000E+26
