 PDE 2013 11 16 03 34 31.20  -60.2600  -47.0600  10.0 6.9 6.9 SCOTIA SEA
event name:   C201311160334A
time shift:          12.8000
half duration:        6.7000
latitude:           -60.5400
longitude:          -47.0000
depth:               16.9000
Mrr:           -3.870000E+25
Mtt:            6.020000E+25
Mpp:           -2.160000E+25
Mrt:            4.950000E+25
Mrp:            1.040000E+26
Mtp:            2.330000E+26
