 PDE 2013 10 31 23 03 59.30  -30.3000  -71.5600  29.0 6.5 6.6 NEAR COAST OF CENTRAL CHILE
event name:   C201310312303A
time shift:           7.9000
half duration:        4.3000
latitude:           -30.4600
longitude:          -71.8600
depth:               35.8000
Mrr:            5.520000E+25
Mtt:            2.260000E+24
Mpp:           -5.750000E+25
Mrt:            5.540000E+24
Mrp:           -3.750000E+25
Mtp:            1.900000E+23
