 PDE 2010 07 01 16 57 49.30   -5.1700  129.3800  36.3 5.8 5.8 BANDA SEA
event name:   C201007011657A
time shift:           2.3000
half duration:        1.9000
latitude:            -5.1700
longitude:          129.3700
depth:               21.6000
Mrr:            2.750000E+24
Mtt:           -5.050000E+24
Mpp:            2.300000E+24
Mrt:            2.880000E+23
Mrp:            1.840000E+24
Mtp:            4.240000E+24
