 PDE 2017 08 07 06 26 43.70   -5.4300  151.5800  31.0 5.8 5.8 NEW BRITAIN REGION, P.N.G.
event name:   C201708070626A
time shift:           4.0000
half duration:        2.0000
latitude:            -5.6500
longitude:          151.6700
depth:               36.7000
Mrr:            4.020000E+24
Mtt:           -3.960000E+24
Mpp:           -6.000000E+22
Mrt:            4.720000E+24
Mrp:            1.710000E+24
Mtp:           -1.690000E+24
