 PDE 2016 09 24 21 28 41.70  -19.7800 -178.2400 596.4 6.9 6.9 FIJI ISLANDS REGION
event name:   C201609242128A
time shift:           6.7000
half duration:        7.0000
latitude:           -19.7700
longitude:         -178.1500
depth:              606.8000
Mrr:            1.210000E+25
Mtt:           -2.600000E+24
Mpp:           -9.400000E+24
Mrt:           -2.390000E+26
Mrp:           -1.740000E+26
Mtp:           -5.790000E+25
