 PDE 2017 12 08 00 22 54.20   10.1200  140.2200  12.8 6.4 6.4 W. CAROLINE ISLANDS, MICRONESIA
event name:   C201712080022A
time shift:           4.1000
half duration:        4.0000
latitude:            10.0900
longitude:          140.1700
depth:               15.6000
Mrr:            5.730000E+24
Mtt:            3.860000E+25
Mpp:           -4.430000E+25
Mrt:           -3.130000E+25
Mrp:            2.100000E+24
Mtp:           -2.370000E+25
