 PDE 2017 04 11 21 21 00.90    7.6800  124.8100   8.3 5.8 5.8 MINDANAO, PHILIPPINES
event name:   C201704112121A
time shift:           0.6000
half duration:        2.0000
latitude:             7.7400
longitude:          124.7000
depth:               12.0000
Mrr:           -9.410000E+23
Mtt:            7.350000E+24
Mpp:           -6.410000E+24
Mrt:           -4.600000E+22
Mrp:           -3.000000E+22
Mtp:            1.290000E+23
