 PDE 2016 05 28 05 38 50.50  -21.9700 -178.2000 405.7 6.9 6.9 FIJI ISLANDS REGION
event name:   C201605280538B
time shift:           6.9000
half duration:        7.0000
latitude:           -22.1300
longitude:         -178.1700
depth:              417.5000
Mrr:           -1.910000E+26
Mtt:            5.380000E+25
Mpp:            1.370000E+26
Mrt:           -1.640000E+26
Mrp:           -1.770000E+26
Mtp:            4.680000E+25
