 PDE 2014 09 25 09 13 50.00   -9.4600  156.4100   4.0 6.1 6.1 SOLOMON ISLANDS
event name:   C201409250913A
time shift:           4.0000
half duration:        2.6000
latitude:            -9.4600
longitude:          156.3500
depth:               15.3000
Mrr:           -7.800000E+23
Mtt:            1.160000E+24
Mpp:           -3.800000E+23
Mrt:            1.890000E+24
Mrp:           -6.400000E+23
Mtp:            1.560000E+25
