 PDE 2019 03 08 15 06 12.60   10.3800  126.0100  30.0 6.1 6.0 PHILIPPINE ISLANDS REGION
event name:   C201903081506A
time shift:           3.8000
half duration:        2.6000
latitude:            10.3500
longitude:          126.2000
depth:               43.3000
Mrr:            1.310000E+25
Mtt:            1.650000E+24
Mpp:           -1.470000E+25
Mrt:            2.250000E+24
Mrp:            5.630000E+24
Mtp:            1.930000E+24
