 PDE 2015 08 10 04 24 31.20   -9.3000  157.9500  10.0 5.9 5.9 SOLOMON ISLANDS
event name:   C201508100424A
time shift:           3.1000
half duration:        2.1000
latitude:            -9.3100
longitude:          157.8700
depth:               12.2000
Mrr:            7.960000E+23
Mtt:            1.380000E+24
Mpp:           -2.180000E+24
Mrt:           -1.630000E+24
Mrp:           -9.170000E+23
Mtp:            7.690000E+24
