 PDE 2017 07 17 11 05 09.10   54.5800  168.6500   9.0 6.3 6.3 KOMANDORSKIYE OSTROVA REGION
event name:   C201707171105A
time shift:           4.1000
half duration:        3.6000
latitude:            54.6300
longitude:          168.6200
depth:               16.0000
Mrr:           -1.610000E+24
Mtt:           -3.400000E+25
Mpp:            3.560000E+25
Mrt:           -1.240000E+25
Mrp:           -1.080000E+25
Mtp:           -5.110000E+24
