 PDE 2010 03 09 14 06 52.30   51.4900 -173.5300  35.0 5.8 5.9 ANDREANOF ISLANDS, ALEUTIAN IS.
event name:   C201003091406A
time shift:           2.2000
half duration:        2.0000
latitude:            51.4800
longitude:         -173.5800
depth:               17.7000
Mrr:            5.160000E+24
Mtt:           -4.840000E+24
Mpp:           -3.230000E+23
Mrt:            4.620000E+24
Mrp:            1.780000E+24
Mtp:           -1.350000E+24
