 PDE 2014 05 13 06 35 24.20    7.2100  -82.3000  10.0 6.5 6.5 SOUTH OF PANAMA
event name:   C201405130635A
time shift:           9.5000
half duration:        4.3000
latitude:             7.3600
longitude:          -82.4100
depth:               17.6000
Mrr:           -1.660000E+24
Mtt:            1.900000E+23
Mpp:            1.470000E+24
Mrt:            1.610000E+25
Mrp:            1.040000E+25
Mtp:            6.460000E+25
