 PDE 2019 06 19 07 01 45.40  -30.5200 -177.8500  30.0 6.5 6.4 KERMADEC ISLANDS, NEW ZEALAND
event name:   C201906190701A
time shift:           8.8000
half duration:        4.2000
latitude:           -30.6800
longitude:         -177.8100
depth:               48.7000
Mrr:            5.840000E+25
Mtt:           -2.770000E+24
Mpp:           -5.560000E+25
Mrt:            1.350000E+24
Mrp:            2.740000E+25
Mtp:           -1.410000E+25
