 PDE 2019 08 04 10 23 03.70   37.7600  141.6000  38.0 6.4 6.3 NEAR EAST COAST OF HONSHU, JAPAN
event name:   C201908041023A
time shift:           5.5000
half duration:        3.7000
latitude:            37.6200
longitude:          141.6600
depth:               43.2000
Mrr:            2.850000E+25
Mtt:           -4.040000E+24
Mpp:           -2.450000E+25
Mrt:            1.200000E+25
Mrp:            3.100000E+25
Mtp:           -1.170000E+25
