 PDE 2014 08 21 02 11 31.00   -5.2800  150.6900   8.0 5.9 5.9 NEW BRITAIN REGION, P.N.G.
event name:   C201408210211A
time shift:           5.2000
half duration:        2.3000
latitude:            -5.2700
longitude:          150.5900
depth:               12.4000
Mrr:           -9.900000E+23
Mtt:            9.800000E+24
Mpp:           -8.810000E+24
Mrt:            6.900000E+23
Mrp:            4.000000E+23
Mtp:            3.780000E+24
