 PDE 2013 02 01 22 18 33.10  -11.1200  165.3800  10.0 6.3 6.4 SANTA CRUZ ISLANDS
event name:   C201302012218A
time shift:           8.9000
half duration:        3.7000
latitude:           -11.2400
longitude:          165.3000
depth:               14.4000
Mrr:            2.440000E+25
Mtt:           -8.940000E+24
Mpp:           -1.550000E+25
Mrt:            2.020000E+25
Mrp:           -2.720000E+25
Mtp:            1.340000E+25
