 PDE 2017 09 20 20 09 49.60  -18.7800  169.1000 197.0 6.4 6.4 VANUATU ISLANDS
event name:   C201709202009A
time shift:           5.8000
half duration:        4.0000
latitude:           -18.8500
longitude:          168.9500
depth:              208.0000
Mrr:            2.330000E+25
Mtt:            2.930000E+25
Mpp:           -5.260000E+25
Mrt:            3.320000E+25
Mrp:           -4.500000E+23
Mtp:           -6.990000E+24
