 PDE 2013 01 30 23 03 43.70  -10.6300  166.3700  10.0 6.1 6.1 SANTA CRUZ ISLANDS
event name:   C201301302303A
time shift:           5.7000
half duration:        2.6000
latitude:           -10.4200
longitude:          166.3400
depth:               12.0000
Mrr:           -3.280000E+24
Mtt:            3.270000E+24
Mpp:            1.000000E+22
Mrt:            2.910000E+24
Mrp:            4.170000E+24
Mtp:           -1.450000E+25
