 PDE 2014 08 18 02 32 05.30   32.7000   47.6900  10.2 6.2 6.2 IRAN-IRAQ BORDER REGION
event name:   C201408180232A
time shift:           4.7000
half duration:        3.1000
latitude:            32.5900
longitude:           47.5300
depth:               12.0000
Mrr:            1.590000E+25
Mtt:           -1.420000E+25
Mpp:           -1.710000E+24
Mrt:            1.490000E+25
Mrp:           -6.530000E+24
Mtp:            1.440000E+25
