 PDE 2010 08 04 23 48 02.10   45.9800  153.1800  27.8 6.0 5.5 EAST OF KURIL ISLANDS
event name:   C201008042348A
time shift:           2.7000
half duration:        2.4000
latitude:            46.0100
longitude:          153.4300
depth:               31.0000
Mrr:           -1.290000E+25
Mtt:            8.360000E+24
Mpp:            4.530000E+24
Mrt:            1.190000E+24
Mrp:           -8.100000E+23
Mtp:            3.800000E+24
