 PDE 2018 06 02 11 53 06.50  -14.9500 -172.9000  10.0 5.8 5.8 SAMOA ISLANDS
event name:   C201806021153A
time shift:           5.7000
half duration:        2.1000
latitude:           -14.8800
longitude:         -173.2100
depth:               12.0000
Mrr:            8.220000E+23
Mtt:            3.410000E+24
Mpp:           -4.230000E+24
Mrt:            1.680000E+24
Mrp:            4.560000E+24
Mtp:            4.180000E+24
