 PDE 2017 05 10 23 23 36.80  -56.4200  -25.7500  15.0 6.5 6.5 SOUTH SANDWICH ISLANDS REGION
event name:   C201705102323A
time shift:           7.7000
half duration:        4.1000
latitude:           -56.4300
longitude:          -25.5100
depth:               19.2000
Mrr:            4.840000E+25
Mtt:           -4.450000E+24
Mpp:           -4.390000E+25
Mrt:           -1.440000E+25
Mrp:            3.030000E+25
Mtp:            1.830000E+25
