 PDE 2016 12 17 11 27 36.20   -5.6300  154.0200   8.4 6.6 6.3 SOLOMON ISLANDS
event name:   C201612171127A
time shift:          10.3000
half duration:        4.7000
latitude:            -5.8700
longitude:          153.7100
depth:               33.6000
Mrr:            9.890000E+25
Mtt:           -4.880000E+25
Mpp:           -5.010000E+25
Mrt:            2.850000E+25
Mrp:            3.200000E+24
Mtp:            3.790000E+25
