 PDE 2015 02 27 13 45 05.40   -7.3000  122.5400 552.1 7.0 7.0 FLORES SEA
event name:   C201502271345A
time shift:           3.5000
half duration:        7.5000
latitude:            -7.3500
longitude:          122.5000
depth:              551.5000
Mrr:           -7.200000E+25
Mtt:           -2.340000E+26
Mpp:            3.060000E+26
Mrt:           -2.050000E+26
Mrp:            1.070000E+26
Mtp:           -1.720000E+25
