 PDE 2018 01 26 22 47 57.80   -3.5100  145.8500  10.0 6.2 6.3 NEAR N COAST OF NEW GUINEA, PNG.
event name:   C201801262247A
time shift:           2.8000
half duration:        3.3000
latitude:            -3.3600
longitude:          145.9000
depth:               12.0000
Mrr:           -1.620000E+24
Mtt:            3.880000E+24
Mpp:           -2.270000E+24
Mrt:            3.350000E+24
Mrp:           -4.650000E+24
Mtp:            2.930000E+25
