 PDE 2011 05 10 10 24 17.50  -20.2700  168.4000  10.0 5.9 5.9 LOYALTY ISLANDS
event name:   C201105101024A
time shift:           4.7000
half duration:        2.2000
latitude:           -20.5100
longitude:          168.3900
depth:               22.4000
Mrr:           -1.030000E+25
Mtt:            2.390000E+24
Mpp:            7.950000E+24
Mrt:           -1.720000E+24
Mrp:           -4.100000E+23
Mtp:           -1.260000E+24
