 PDE 2010 09 07 16 13 32.20  -15.8800 -179.3000  10.0 6.2 6.3 FIJI ISLANDS REGION
event name:   C201009071613A
time shift:           6.7000
half duration:        3.3000
latitude:           -15.7800
longitude:         -179.3000
depth:               13.8000
Mrr:            2.120000E+24
Mtt:           -2.960000E+25
Mpp:            2.750000E+25
Mrt:           -8.900000E+23
Mrp:            2.090000E+24
Mtp:            9.710000E+24
