 PDE 2010 09 17 19 21 15.00   36.4400   70.7700 220.1 6.2 6.3 HINDU KUSH REGION, AFGHANISTAN
event name:   C201009171921A
time shift:           3.6000
half duration:        3.2000
latitude:            36.4400
longitude:           70.7900
depth:              207.7000
Mrr:            2.550000E+25
Mtt:           -2.080000E+25
Mpp:           -4.680000E+24
Mrt:            8.640000E+24
Mrp:            1.390000E+25
Mtp:           -8.120000E+24
