 PDE 2010 05 24 16 18 29.10   -8.0800  -71.5600 581.2 6.4 6.5 WESTERN BRAZIL
event name:   C201005241618A
time shift:           4.5000
half duration:        4.1000
latitude:            -8.0800
longitude:          -71.6400
depth:              591.4000
Mrr:           -5.900000E+25
Mtt:            1.050000E+25
Mpp:            4.860000E+25
Mrt:           -1.070000E+25
Mrp:            1.490000E+25
Mtp:           -1.160000E+25
