 PDE 2017 06 28 18 20 55.50  -30.3100 -177.6600  19.0 6.1 6.0 KERMADEC ISLANDS, NEW ZEALAND
event name:   C201706281820A
time shift:           6.6000
half duration:        2.8000
latitude:           -30.2700
longitude:         -177.3200
depth:               28.6000
Mrr:            1.420000E+25
Mtt:           -6.100000E+23
Mpp:           -1.360000E+25
Mrt:            1.300000E+23
Mrp:            1.190000E+25
Mtp:           -4.240000E+24
