 PDE 2010 05 06 02 42 47.90  -18.0600  -70.5500  37.0 6.2 6.2 NEAR COAST OF NORTHERN CHILE
event name:   C201005060242A
time shift:           6.0000
half duration:        3.1000
latitude:           -18.3200
longitude:          -71.2500
depth:               52.6000
Mrr:            2.260000E+25
Mtt:            2.850000E+24
Mpp:           -2.540000E+25
Mrt:            4.580000E+24
Mrp:           -6.890000E+24
Mtp:            6.280000E+24
