 PDE 2010 08 16 03 30 53.30  -17.7600   65.6500   9.8 6.3 6.3 MAURITIUS - REUNION REGION
event name:   C201008160330A
time shift:           7.9000
half duration:        3.4000
latitude:           -17.7000
longitude:           65.4200
depth:               18.9000
Mrr:           -2.650000E+24
Mtt:           -2.680000E+25
Mpp:            2.950000E+25
Mrt:           -5.870000E+24
Mrp:           -1.520000E+24
Mtp:            1.570000E+25
