 PDE 2011 05 01 16 12 42.30   -6.9500  155.8600  54.7 5.8 5.9 SOLOMON ISLANDS
event name:   C201105011612A
time shift:           3.9000
half duration:        2.0000
latitude:            -7.1600
longitude:          155.7600
depth:               53.9000
Mrr:            6.020000E+24
Mtt:           -4.040000E+24
Mpp:           -1.980000E+24
Mrt:           -9.210000E+23
Mrp:           -3.350000E+23
Mtp:            3.610000E+24
