 PDE 2015 02 20 04 25 23.40   39.8200  143.5900  10.0 6.2 6.2 OFF EAST COAST OF HONSHU, JAPAN
event name:   C201502200425A
time shift:           5.1000
half duration:        3.0000
latitude:            39.8500
longitude:          143.8300
depth:               12.0000
Mrr:            1.360000E+25
Mtt:            6.800000E+23
Mpp:           -1.430000E+25
Mrt:            6.590000E+24
Mrp:            1.770000E+25
Mtp:           -4.100000E+24
