 PDE 2017 01 02 13 14 02.80  -23.2500  179.2400 551.6 6.3 6.3 SOUTH OF FIJI ISLANDS
event name:   C201701021314A
time shift:           5.7000
half duration:        3.5000
latitude:           -23.2900
longitude:          179.2900
depth:              572.8000
Mrr:           -9.770000E+24
Mtt:            2.600000E+25
Mpp:           -1.620000E+25
Mrt:           -8.120000E+24
Mrp:           -2.290000E+25
Mtp:           -1.880000E+25
