 PDE 2011 08 24 23 06 17.10  -18.1600  167.7300  13.0 6.1 6.2 VANUATU ISLANDS
event name:   C201108242306A
time shift:           6.5000
half duration:        2.8000
latitude:           -18.2000
longitude:          167.6500
depth:               14.0000
Mrr:            1.310000E+25
Mtt:           -1.140000E+24
Mpp:           -1.200000E+25
Mrt:            8.710000E+24
Mrp:           -8.700000E+24
Mtp:            7.230000E+24
