 PDE 2011 09 23 19 02 48.20   -9.0500 -109.4400  10.0 5.8 5.8 CENTRAL EAST PACIFIC RISE
event name:   C201109231902A
time shift:           3.9000
half duration:        2.1000
latitude:            -9.0700
longitude:         -109.6600
depth:               16.1000
Mrr:            3.540000E+23
Mtt:           -2.630000E+24
Mpp:            2.280000E+24
Mrt:           -1.400000E+24
Mrp:            7.760000E+23
Mtp:            6.880000E+24
