 PDE 2019 01 15 18 06 34.30  -13.3400  166.8800  35.0 6.5 6.6 VANUATU ISLANDS
event name:   C201901151806A
time shift:           8.7000
half duration:        4.5000
latitude:           -13.4100
longitude:          166.5000
depth:               39.0000
Mrr:            7.530000E+25
Mtt:            3.000000E+23
Mpp:           -7.570000E+25
Mrt:           -9.700000E+24
Mrp:            1.640000E+25
Mtp:            9.800000E+24
