 PDE 2011 05 19 20 15 22.90   39.1500   29.1000   7.0 5.9 5.9 TURKEY
event name:   C201105192015A
time shift:           2.5000
half duration:        2.2000
latitude:            39.0800
longitude:           29.1100
depth:               12.1000
Mrr:           -8.070000E+24
Mtt:            8.920000E+24
Mpp:           -8.500000E+23
Mrt:            2.800000E+23
Mrp:           -5.300000E+23
Mtp:           -2.170000E+24
