 PDE 2011 06 24 06 33 07.80  -10.9300  165.9300  72.1 6.1 0.0 SANTA CRUZ ISLANDS
event name:   C201106240633A
time shift:           2.3000
half duration:        2.6000
latitude:           -10.6900
longitude:          165.5000
depth:               51.0000
Mrr:            1.780000E+25
Mtt:           -6.890000E+24
Mpp:           -1.090000E+25
Mrt:           -2.680000E+24
Mrp:            1.920000E+24
Mtp:            3.350000E+24
