 PDE 2015 01 23 03 47 27.10  -17.0300  168.5200 220.0 6.8 6.8 VANUATU ISLANDS
event name:   C201501230347A
time shift:           6.3000
half duration:        6.0000
latitude:           -17.0600
longitude:          168.3600
depth:              231.0000
Mrr:            1.020000E+26
Mtt:           -1.690000E+26
Mpp:            6.690000E+25
Mrt:            1.210000E+25
Mrp:           -7.440000E+25
Mtp:           -8.670000E+25
