 PDE 2011 03 22 13 50 51.10   35.8000  141.5400  15.0 5.8 5.9 NEAR EAST COAST OF HONSHU, JAPAN
event name:   C201103221350A
time shift:           5.3000
half duration:        2.0000
latitude:            35.7700
longitude:          141.6600
depth:               18.7000
Mrr:            4.570000E+24
Mtt:            1.790000E+23
Mpp:           -4.750000E+24
Mrt:            4.130000E+24
Mrp:            1.880000E+24
Mtp:           -1.630000E+24
