 PDE 2017 08 31 17 06 55.80   -1.1600   99.6900  43.1 6.3 6.3 SOUTHERN SUMATRA, INDONESIA
event name:   C201708311706A
time shift:           5.2000
half duration:        3.6000
latitude:            -1.2300
longitude:           99.5900
depth:               49.3000
Mrr:            3.060000E+25
Mtt:           -1.370000E+25
Mpp:           -1.700000E+25
Mrt:            1.680000E+25
Mrp:           -2.180000E+25
Mtp:            1.590000E+25
