 PDE 2016 08 31 03 11 34.40   -3.6800  152.7900 476.0 6.8 6.8 NEW IRELAND REGION, P.N.G.
event name:   C201608310311A
time shift:           6.2000
half duration:        6.0000
latitude:            -3.5800
longitude:          152.8600
depth:              491.0000
Mrr:           -4.920000E+25
Mtt:            4.660000E+25
Mpp:            2.600000E+24
Mrt:            8.810000E+25
Mrp:            1.490000E+26
Mtp:            4.200000E+25
