 PDE 2013 10 19 17 54 54.70   26.0900 -110.3200   9.4 6.6 6.6 GULF OF CALIFORNIA
event name:   C201310191754A
time shift:           9.0000
half duration:        4.7000
latitude:            26.1900
longitude:         -110.5300
depth:               15.9000
Mrr:           -3.000000E+23
Mtt:           -8.780000E+25
Mpp:            8.820000E+25
Mrt:           -1.500000E+24
Mrp:           -1.120000E+25
Mtp:           -9.100000E+24
