 PDE 2010 08 20 17 56 14.10   -6.5700  154.2500  19.0 6.1 6.1 SOLOMON ISLANDS
event name:   C201008201756A
time shift:           7.3000
half duration:        2.8000
latitude:            -6.8400
longitude:          154.2300
depth:               12.9000
Mrr:            1.480000E+25
Mtt:           -7.540000E+24
Mpp:           -7.270000E+24
Mrt:            9.210000E+24
Mrp:           -5.550000E+24
Mtp:            7.720000E+24
