 PDE 2012 09 26 23 39 55.10   51.5900 -178.2900  16.0 6.5 6.5 ANDREANOF ISLANDS, ALEUTIAN IS.
event name:   C201209262339A
time shift:           4.0000
half duration:        4.3000
latitude:            51.5600
longitude:         -178.0800
depth:               15.3000
Mrr:           -3.070000E+25
Mtt:           -1.910000E+25
Mpp:            4.980000E+25
Mrt:            4.040000E+25
Mrp:            1.970000E+25
Mtp:           -2.730000E+25
