 PDE 2014 04 04 11 40 32.00  -10.5400  161.7000  57.0 6.0 6.0 SOLOMON ISLANDS
event name:   C201404041140A
time shift:           3.8000
half duration:        2.4000
latitude:           -10.5500
longitude:          161.5900
depth:               66.8000
Mrr:           -2.650000E+24
Mtt:           -2.780000E+24
Mpp:            5.420000E+24
Mrt:           -3.080000E+24
Mrp:            5.580000E+24
Mtp:            8.010000E+24
