 PDE 2010 03 08 09 47 11.60   19.3300  144.7100 456.8 6.1 6.1 MARIANA ISLANDS
event name:   C201003080947A
time shift:          -0.2000
half duration:        2.7000
latitude:            19.2600
longitude:          144.6700
depth:              432.2000
Mrr:           -1.530000E+25
Mtt:            4.710000E+24
Mpp:            1.050000E+25
Mrt:           -3.680000E+24
Mrp:            1.690000E+24
Mtp:           -8.750000E+24
