 PDE 2012 05 24 22 47 46.80   72.9600    5.7100  10.0 6.3 6.2 NORWEGIAN SEA
event name:   C201205242247A
time shift:           3.0000
half duration:        3.3000
latitude:            73.0100
longitude:            5.5900
depth:               12.0000
Mrr:           -2.890000E+25
Mtt:            1.250000E+25
Mpp:            1.630000E+25
Mrt:           -2.560000E+24
Mrp:           -6.040000E+24
Mtp:            1.690000E+25
