 PDE 2012 03 16 07 58 02.50   10.0400  125.6300  18.0 5.8 5.8 LEYTE, PHILIPPINES
event name:   C201203160758A
time shift:           2.1000
half duration:        2.0000
latitude:             9.9700
longitude:          125.5600
depth:               20.7000
Mrr:           -5.720000E+24
Mtt:            6.000000E+24
Mpp:           -2.810000E+23
Mrt:            3.800000E+23
Mrp:            5.600000E+23
Mtp:            3.880000E+24
