 PDE 2010 06 26 05 30 19.50  -10.6300  161.4500  35.0 6.7 6.8 SOLOMON ISLANDS
event name:   C201006260530A
time shift:           6.7000
half duration:        5.7000
latitude:           -10.5400
longitude:          161.4300
depth:               41.3000
Mrr:            1.230000E+26
Mtt:           -1.900000E+24
Mpp:           -1.210000E+26
Mrt:           -6.160000E+25
Mrp:           -1.550000E+25
Mtp:            7.690000E+25
