 PDE 2017 03 04 02 58 20.30   -7.3300  155.7500  17.0 6.0 6.1 SOLOMON ISLANDS
event name:   C201703040258A
time shift:           4.6000
half duration:        2.5000
latitude:            -7.4500
longitude:          155.7300
depth:               22.2000
Mrr:            1.050000E+25
Mtt:           -8.340000E+24
Mpp:           -2.190000E+24
Mrt:            4.540000E+24
Mrp:           -4.950000E+24
Mtp:            5.660000E+24
