 PDE 2011 09 02 10 55 53.60   52.1700 -171.7100  32.0 6.8 6.9 FOX ISLANDS, ALEUTIAN ISLANDS
event name:   C201109021055A
time shift:           6.0000
half duration:        6.5000
latitude:            51.9100
longitude:         -171.5600
depth:               39.4000
Mrr:            1.210000E+26
Mtt:            6.990000E+25
Mpp:           -1.900000E+26
Mrt:            6.460000E+25
Mrp:            1.430000E+26
Mtp:            7.450000E+25
