 PDE 2010 08 16 19 35 49.00  -20.8000 -178.8300 603.2 6.2 6.2 FIJI ISLANDS REGION
event name:   C201008161935A
time shift:           3.1000
half duration:        2.9000
latitude:           -20.7400
longitude:         -178.6700
depth:              604.0000
Mrr:           -1.390000E+25
Mtt:            1.140000E+25
Mpp:            2.440000E+24
Mrt:           -9.030000E+24
Mrp:           -1.190000E+25
Mtp:           -1.060000E+25
