 PDE 2010 12 29 06 54 19.60  -19.6600  168.1400  16.0 6.3 6.4 VANUATU ISLANDS
event name:   C201012290654A
time shift:           9.0000
half duration:        3.6000
latitude:           -19.6500
longitude:          168.1000
depth:               12.0000
Mrr:           -2.760000E+25
Mtt:           -1.220000E+24
Mpp:            2.890000E+25
Mrt:           -1.030000E+24
Mrp:           -2.280000E+25
Mtp:           -1.380000E+25
