 PDE 2011 05 15 13 08 13.10    0.5700  -25.6500  10.0 6.1 6.1 CENTRAL MID-ATLANTIC RIDGE
event name:   C201105151308A
time shift:           9.2000
half duration:        2.7000
latitude:             0.8700
longitude:          -25.6200
depth:               12.8000
Mrr:           -8.000000E+23
Mtt:            2.380000E+24
Mpp:           -1.570000E+24
Mrt:            2.920000E+24
Mrp:           -7.300000E+23
Mtp:           -1.570000E+25
