 PDE 2011 11 22 18 48 16.30  -15.3600  -65.0900 549.9 6.6 6.6 CENTRAL BOLIVIA
event name:   C201111221848A
time shift:           2.9000
half duration:        4.7000
latitude:           -15.4000
longitude:          -65.1800
depth:              553.8000
Mrr:            3.180000E+25
Mtt:           -2.170000E+24
Mpp:           -2.970000E+25
Mrt:           -4.010000E+25
Mrp:            7.180000E+25
Mtp:            1.510000E+25
