 PDE 2012 10 20 23 00 32.50  -13.5500  166.5600  36.0 6.2 6.2 VANUATU ISLANDS
event name:   C201210202300A
time shift:           3.7000
half duration:        3.2000
latitude:           -13.5200
longitude:          166.5100
depth:               47.4000
Mrr:            1.710000E+25
Mtt:            1.810000E+24
Mpp:           -1.890000E+25
Mrt:           -7.450000E+24
Mrp:            1.620000E+25
Mtp:           -1.040000E+25
