 PDE 2018 10 09 07 45 11.60   49.4000  156.2400  19.0 6.1 6.1 KURIL ISLANDS
event name:   C201810090745A
time shift:           4.9000
half duration:        2.9000
latitude:            49.2700
longitude:          156.6100
depth:               22.6000
Mrr:            1.640000E+25
Mtt:           -4.780000E+24
Mpp:           -1.170000E+25
Mrt:            6.050000E+24
Mrp:            9.580000E+24
Mtp:           -8.400000E+24
