 PDE 2010 12 15 11 29 30.80   -7.2700  128.7900 134.9 6.0 6.0 BANDA SEA
event name:   C201012151129A
time shift:           1.9000
half duration:        2.4000
latitude:            -7.4600
longitude:          128.8000
depth:              147.3000
Mrr:            6.590000E+24
Mtt:           -9.900000E+24
Mpp:            3.310000E+24
Mrt:            3.050000E+24
Mrp:            5.250000E+24
Mtp:            4.830000E+24
