 PDE 2010 10 08 03 49 10.70   51.2900 -175.1800  27.7 6.0 6.0 ANDREANOF ISLANDS, ALEUTIAN IS.
event name:   C201010080349A
time shift:           2.0000
half duration:        2.5000
latitude:            51.2400
longitude:         -175.3200
depth:               17.9000
Mrr:            8.290000E+24
Mtt:           -7.470000E+24
Mpp:           -8.300000E+23
Mrt:            8.580000E+24
Mrp:            4.760000E+24
Mtp:           -2.590000E+24
