 PDE 2016 06 23 21 05 30.60   23.6900  123.3700  10.0 5.8 5.8 SOUTHWESTERN RYUKYU ISL., JAPAN
event name:   C201606232105A
time shift:           2.2000
half duration:        1.9000
latitude:            23.5200
longitude:          123.3300
depth:               19.9000
Mrr:            1.040000E+24
Mtt:            5.230000E+24
Mpp:           -6.270000E+24
Mrt:            1.960000E+24
Mrp:            1.450000E+24
Mtp:           -5.740000E+23
