 PDE 2017 04 03 17 40 18.60  -22.6800   25.1600  29.0 6.5 6.5 BOTSWANA
event name:   C201704031740A
time shift:           5.8000
half duration:        4.3000
latitude:           -22.5400
longitude:           25.2100
depth:               30.0000
Mrr:           -6.290000E+25
Mtt:            2.600000E+25
Mpp:            3.700000E+25
Mrt:           -1.820000E+25
Mrp:            2.000000E+22
Mtp:           -4.010000E+25
