 PDE 2012 12 17 17 41 32.30   -4.1800 -104.4900  10.0 5.9 5.9 CENTRAL EAST PACIFIC RISE
event name:   C201212171741A
time shift:           6.0000
half duration:        2.2000
latitude:            -3.9600
longitude:         -104.3500
depth:               16.4000
Mrr:           -4.950000E+23
Mtt:            6.120000E+23
Mpp:           -1.170000E+23
Mrt:            6.090000E+23
Mrp:            4.700000E+22
Mtp:            9.040000E+24
