 PDE 2019 05 16 16 22 17.50   12.6400  -87.8200  72.0 5.9 5.9 NEAR COAST OF NICARAGUA
event name:   C201905161622A
time shift:           1.7000
half duration:        2.2000
latitude:            12.5900
longitude:          -88.1700
depth:               63.9000
Mrr:            4.780000E+24
Mtt:            9.200000E+23
Mpp:           -5.700000E+24
Mrt:            4.120000E+24
Mrp:           -4.170000E+24
Mtp:            4.340000E+24
