 PDE 2011 05 10 08 55 08.90  -20.2400  168.2300  11.0 6.8 6.9 LOYALTY ISLANDS
event name:   C201105100855A
time shift:           8.9000
half duration:        6.1000
latitude:           -20.2900
longitude:          168.1500
depth:               18.2000
Mrr:           -1.710000E+26
Mtt:           -1.720000E+25
Mpp:            1.880000E+26
Mrt:           -3.400000E+25
Mrp:            2.080000E+25
Mtp:           -6.620000E+25
