 PDE 2014 08 24 23 21 45.50  -14.6000  -73.5700 101.0 6.8 6.8 CENTRAL PERU
event name:   C201408242321A
time shift:           4.2000
half duration:        6.4000
latitude:           -14.6100
longitude:          -73.7200
depth:               84.5000
Mrr:           -2.110000E+26
Mtt:           -1.270000E+25
Mpp:            2.240000E+26
Mrt:            4.400000E+25
Mrp:           -8.800000E+24
Mtp:            1.420000E+25
