 PDE 2016 09 12 06 51 53.40  -28.7500 -112.3100  10.0 5.8 5.8 EASTER ISLAND REGION
event name:   C201609120651A
time shift:           6.7000
half duration:        2.0000
latitude:           -28.7600
longitude:         -112.6000
depth:               12.7000
Mrr:           -1.340000E+23
Mtt:           -5.360000E+24
Mpp:            5.490000E+24
Mrt:            8.800000E+22
Mrp:           -1.290000E+23
Mtp:           -4.570000E+24
