 PDE 2013 03 24 08 13 45.10  -20.7600  173.3700  10.0 6.0 6.1 VANUATU ISLANDS REGION
event name:   C201303240813A
time shift:           4.7000
half duration:        2.6000
latitude:           -20.7600
longitude:          173.4500
depth:               14.4000
Mrr:           -1.080000E+24
Mtt:           -1.310000E+25
Mpp:            1.420000E+25
Mrt:            1.570000E+24
Mrp:            3.120000E+24
Mtp:           -4.610000E+24
