 PDE 2015 04 26 07 09 10.70   27.7700   86.0200  22.9 6.7 6.7 NEPAL
event name:   C201504260709A
time shift:           9.4000
half duration:        5.4000
latitude:            27.5600
longitude:           85.9500
depth:               20.6000
Mrr:            5.980000E+25
Mtt:           -6.720000E+25
Mpp:            7.400000E+24
Mrt:            1.200000E+26
Mrp:           -2.330000E+25
Mtp:            2.050000E+25
