 PDE 2014 04 12 05 24 23.30   -7.1000  155.2400  20.0 6.1 6.1 SOLOMON ISLANDS
event name:   C201404120524A
time shift:           9.3000
half duration:        2.8000
latitude:            -7.3100
longitude:          155.2200
depth:               18.0000
Mrr:            1.350000E+25
Mtt:           -1.000000E+25
Mpp:           -3.470000E+24
Mrt:            9.820000E+24
Mrp:           -8.760000E+24
Mtp:            6.750000E+24
