 PDE 2013 02 06 10 33 17.50  -10.6400  164.7600  10.0 5.9 6.0 SANTA CRUZ ISLANDS REGION
event name:   C201302061033A
time shift:           3.5000
half duration:        2.1000
latitude:           -10.6000
longitude:          164.7900
depth:               12.0000
Mrr:            1.950000E+24
Mtt:            6.630000E+24
Mpp:           -8.580000E+24
Mrt:           -1.140000E+24
Mrp:           -2.620000E+24
Mtp:            1.120000E+24
