 PDE 2010 08 15 15 09 29.20   -5.6900  148.3400 174.7 6.3 6.3 NEW BRITAIN REGION, P.N.G.
event name:   C201008151509A
time shift:           5.3000
half duration:        3.4000
latitude:            -5.8500
longitude:          148.4100
depth:              174.3000
Mrr:            1.800000E+25
Mtt:           -2.430000E+25
Mpp:            6.340000E+24
Mrt:            2.420000E+25
Mrp:           -5.080000E+24
Mtp:           -1.200000E+23
