 PDE 2011 09 02 13 47 09.60  -28.4000  -63.0700 577.8 6.7 6.7 SANTIAGO DEL ESTERO PROV., ARG.
event name:   C201109021347A
time shift:           4.9000
half duration:        5.4000
latitude:           -28.5600
longitude:          -63.0800
depth:              597.3000
Mrr:           -1.080000E+26
Mtt:            7.370000E+25
Mpp:            3.420000E+25
Mrt:           -2.470000E+25
Mrp:            1.060000E+26
Mtp:            3.360000E+25
