 PDE 2013 10 30 02 51 47.00  -35.3100  -73.3900  41.5 6.3 6.2 OFF COAST OF CENTRAL CHILE
event name:   C201310300251A
time shift:          10.0000
half duration:        3.3000
latitude:           -35.4300
longitude:          -73.4800
depth:               12.0000
Mrr:            1.610000E+25
Mtt:           -4.300000E+23
Mpp:           -1.570000E+25
Mrt:           -7.110000E+24
Mrp:           -2.440000E+25
Mtp:           -5.320000E+24
