 PDE 2012 08 10 18 37 43.10   52.6300 -167.4200  13.0 6.2 6.2 FOX ISLANDS, ALEUTIAN ISLANDS
event name:   C201208101837A
time shift:           5.8000
half duration:        3.0000
latitude:            52.3900
longitude:         -167.3200
depth:               13.3000
Mrr:            1.560000E+25
Mtt:           -9.010000E+24
Mpp:           -6.630000E+24
Mrt:            1.410000E+25
Mrp:            1.020000E+25
Mtp:           -8.640000E+24
