 PDE 2018 01 21 01 06 42.70  -18.8800  -69.4400 116.0 6.3 6.3 NORTHERN CHILE
event name:   C201801210106A
time shift:           2.5000
half duration:        3.5000
latitude:           -18.9300
longitude:          -69.6600
depth:              134.0000
Mrr:           -2.390000E+25
Mtt:           -3.630000E+24
Mpp:            2.750000E+25
Mrt:            2.960000E+24
Mrp:           -2.750000E+25
Mtp:           -1.300000E+23
