 PDE 2011 04 13 19 57 25.40   39.5800  143.3400  22.0 6.0 6.1 OFF EAST COAST OF HONSHU, JAPAN
event name:   C201104131957A
time shift:           3.6000
half duration:        2.6000
latitude:            39.6300
longitude:          143.5900
depth:               14.7000
Mrr:            8.100000E+24
Mtt:            4.300000E+23
Mpp:           -8.530000E+24
Mrt:            4.170000E+24
Mrp:            1.120000E+25
Mtp:           -1.780000E+24
