 PDE 2010 02 07 06 10 00.20   23.4900  123.6100  21.0 6.3 6.3 SOUTHWESTERN RYUKYU ISL., JAPAN
event name:   C201002070610A
time shift:           3.9000
half duration:        3.6000
latitude:            23.3500
longitude:          123.6600
depth:               27.7000
Mrr:            7.430000E+24
Mtt:            2.970000E+25
Mpp:           -3.720000E+25
Mrt:            2.060000E+25
Mrp:            3.590000E+24
Mtp:           -6.160000E+24
