 PDE 2013 12 08 17 24 54.20   44.4400  149.1700  28.0 6.1 6.0 KURIL ISLANDS
event name:   C201312081724A
time shift:           3.7000
half duration:        2.8000
latitude:            44.5300
longitude:          149.2400
depth:               27.6000
Mrr:            3.330000E+24
Mtt:           -5.800000E+23
Mpp:           -2.750000E+24
Mrt:            1.550000E+25
Mrp:            4.450000E+24
Mtp:           -8.210000E+24
