 PDE 2010 07 22 05 03 57.10  -15.1500  168.1700  10.0 5.9 6.1 VANUATU ISLANDS
event name:   C201007220504A
time shift:           4.9000
half duration:        2.2000
latitude:           -15.1500
longitude:          168.2600
depth:               12.0000
Mrr:            8.520000E+24
Mtt:           -5.600000E+23
Mpp:           -7.950000E+24
Mrt:            6.400000E+23
Mrp:            1.950000E+24
Mtp:            3.980000E+24
