 PDE 2014 06 29 14 32 49.40  -55.3600  -28.1100  10.0 6.0 6.0 SOUTH SANDWICH ISLANDS REGION
event name:   C201406291432A
time shift:           7.5000
half duration:        2.5000
latitude:           -55.2700
longitude:          -28.0300
depth:               14.4000
Mrr:            1.050000E+25
Mtt:           -7.370000E+24
Mpp:           -3.170000E+24
Mrt:           -5.220000E+24
Mrp:            4.040000E+24
Mtp:            6.430000E+24
