 PDE 2017 02 07 22 03 55.70   25.2000   63.2600  24.0 6.4 6.3 SOUTHWESTERN PAKISTAN
event name:   C201702072203A
time shift:           3.5000
half duration:        4.3000
latitude:            25.0100
longitude:           63.2500
depth:               14.0000
Mrr:            1.030000E+25
Mtt:           -6.990000E+24
Mpp:           -3.260000E+24
Mrt:            4.320000E+25
Mrp:           -4.200000E+24
Mtp:           -1.790000E+24
