 PDE 2014 01 21 01 29 07.00  -15.1400 -174.6800   6.1 6.2 6.1 TONGA ISLANDS
event name:   C201401210129A
time shift:          13.0000
half duration:        3.0000
latitude:           -15.2700
longitude:         -174.8600
depth:               12.0000
Mrr:           -2.330000E+24
Mtt:            1.560000E+25
Mpp:           -1.330000E+25
Mrt:            3.950000E+24
Mrp:           -1.940000E+24
Mtp:            1.750000E+25
