 PDE 2010 06 17 13 06 46.60  -33.1700  179.7200 170.4 6.0 6.0 SOUTH OF KERMADEC ISLANDS
event name:   C201006171306A
time shift:           6.6000
half duration:        2.3000
latitude:           -32.9000
longitude:          179.9400
depth:              204.8000
Mrr:            9.800000E+23
Mtt:           -7.400000E+23
Mpp:           -2.400000E+23
Mrt:           -3.190000E+24
Mrp:            8.290000E+24
Mtp:           -6.860000E+24
