 PDE 2015 01 30 17 57 56.40  -21.2500  170.1600   7.1 6.0 6.0 SOUTHEAST OF LOYALTY ISLANDS
event name:   C201501301757A
time shift:           6.2000
half duration:        2.4000
latitude:           -21.2300
longitude:          170.2600
depth:               14.8000
Mrr:           -2.790000E+24
Mtt:           -7.820000E+24
Mpp:            1.060000E+25
Mrt:            2.390000E+24
Mrp:            1.870000E+24
Mtp:           -5.930000E+24
