 PDE 2019 01 06 17 27 19.00    2.2600  126.7600  43.2 6.6 6.6 NORTHERN MOLUCCA SEA
event name:   C201901061727A
time shift:           5.2000
half duration:        5.0000
latitude:             2.4800
longitude:          126.6300
depth:               34.9000
Mrr:            9.800000E+25
Mtt:           -1.270000E+25
Mpp:           -8.530000E+25
Mrt:           -2.680000E+25
Mrp:           -3.220000E+25
Mtp:           -4.040000E+25
