 PDE 2014 08 10 03 43 17.20   41.1600  142.1300  41.0 6.1 6.1 HOKKAIDO, JAPAN REGION
event name:   C201408100343A
time shift:           3.9000
half duration:        2.8000
latitude:            41.2500
longitude:          142.3700
depth:               48.9000
Mrr:            1.320000E+25
Mtt:            3.400000E+23
Mpp:           -1.360000E+25
Mrt:            5.770000E+24
Mrp:            1.030000E+25
Mtp:           -3.460000E+24
