 PDE 2010 02 01 22 28 16.90   -6.1100  154.4600  32.0 6.2 6.2 SOLOMON ISLANDS
event name:   C201002012228A
time shift:           5.4000
half duration:        3.0000
latitude:            -6.3900
longitude:          154.3500
depth:               40.2000
Mrr:            2.260000E+25
Mtt:           -1.220000E+25
Mpp:           -1.040000E+25
Mrt:            2.570000E+24
Mrp:           -3.810000E+24
Mtp:            1.330000E+25
