 PDE 2013 02 28 14 05 50.30   50.9700  157.2700  41.0 6.8 6.9 KURIL ISLANDS
event name:   C201302281405A
time shift:           8.7000
half duration:        6.2000
latitude:            50.8300
longitude:          157.9300
depth:               45.1000
Mrr:            1.880000E+26
Mtt:           -5.790000E+25
Mpp:           -1.300000E+26
Mrt:            5.900000E+25
Mrp:            7.320000E+25
Mtp:           -8.800000E+25
