 PDE 2010 04 07 14 33 03.50   -3.7700  141.9300  33.9 6.0 6.0 NEW GUINEA, PAPUA NEW GUINEA
event name:   C201004071433A
time shift:           3.5000
half duration:        2.4000
latitude:            -3.6700
longitude:          141.9500
depth:               26.8000
Mrr:           -1.780000E+24
Mtt:           -7.470000E+24
Mpp:            9.250000E+24
Mrt:            6.170000E+24
Mrp:           -3.620000E+24
Mtp:            4.080000E+24
