 PDE 2012 08 11 12 23 18.20   38.3300   46.8300  11.0 6.5 6.7 ARMENIA-AZERBAIJAN-IRAN BORD REG
event name:   C201208111223A
time shift:           2.7000
half duration:        4.1000
latitude:            38.3100
longitude:           46.8000
depth:               15.0000
Mrr:            1.040000E+25
Mtt:            5.110000E+24
Mpp:           -1.550000E+25
Mrt:            8.760000E+24
Mrp:           -3.690000E+24
Mtp:           -5.850000E+25
