 PDE 2014 08 18 18 08 22.80   32.5800   47.7000   5.0 6.0 6.0 IRAN-IRAQ BORDER REGION
event name:   C201408181808A
time shift:           2.8000
half duration:        2.3000
latitude:            32.5000
longitude:           47.5700
depth:               12.0000
Mrr:            8.080000E+24
Mtt:           -8.510000E+24
Mpp:            4.300000E+23
Mrt:            5.760000E+24
Mrp:           -3.500000E+23
Mtp:            3.420000E+24
