 PDE 2013 03 05 06 06 34.00   -5.2100  152.5600  22.0 5.8 5.8 NEW BRITAIN REGION, P.N.G.
event name:   C201303050606A
time shift:           5.8000
half duration:        1.9000
latitude:            -5.4600
longitude:          152.5500
depth:               27.4000
Mrr:            4.720000E+24
Mtt:           -4.410000E+24
Mpp:           -3.060000E+23
Mrt:            4.290000E+24
Mrp:            3.050000E+23
Mtp:           -6.490000E+23
