 PDE 2018 01 17 22 56 59.40  -30.0200 -177.7400  41.5 5.9 5.8 KERMADEC ISLANDS, NEW ZEALAND
event name:   C201801172256A
time shift:           2.7000
half duration:        2.1000
latitude:           -30.0800
longitude:         -177.5600
depth:               45.6000
Mrr:            7.270000E+24
Mtt:           -2.700000E+23
Mpp:           -7.000000E+24
Mrt:            4.100000E+23
Mrp:            3.480000E+24
Mtp:           -2.300000E+24
