 PDE 2011 05 13 23 35 52.90   37.4000  141.3400  35.0 6.1 6.1 NEAR EAST COAST OF HONSHU, JAPAN
event name:   C201105132335A
time shift:           3.4000
half duration:        2.7000
latitude:            37.3100
longitude:          141.6700
depth:               41.3000
Mrr:            1.230000E+25
Mtt:           -1.410000E+24
Mpp:           -1.090000E+25
Mrt:            3.980000E+24
Mrp:            1.060000E+25
Mtp:           -4.030000E+24
