 PDE 2018 12 26 14 11 21.80  -17.2800 -174.0100 120.0 5.8 5.7 TONGA ISLANDS
event name:   C201812261411A
time shift:           3.7000
half duration:        2.0000
latitude:           -17.3300
longitude:         -173.6200
depth:              131.7000
Mrr:           -2.590000E+24
Mtt:            5.630000E+23
Mpp:            2.020000E+24
Mrt:           -1.580000E+24
Mrp:            5.920000E+24
Mtp:           -1.840000E+24
