 PDE 2010 06 09 23 23 22.30  -18.6600  169.4700  46.7 6.0 6.0 VANUATU ISLANDS
event name:   C201006092323A
time shift:           0.0000
half duration:        2.4000
latitude:           -18.4100
longitude:          169.5900
depth:               12.4000
Mrr:           -1.290000E+24
Mtt:            2.250000E+24
Mpp:           -9.700000E+23
Mrt:            3.180000E+24
Mrp:           -5.600000E+23
Mtp:           -1.110000E+25
