 PDE 2014 05 07 04 20 33.90   -6.9600  154.9000  10.0 6.0 6.0 SOLOMON ISLANDS
event name:   C201405070420A
time shift:           6.8000
half duration:        2.4000
latitude:            -7.0300
longitude:          154.8400
depth:               13.0000
Mrr:            1.270000E+24
Mtt:           -1.050000E+25
Mpp:            9.220000E+24
Mrt:            5.850000E+24
Mrp:           -1.370000E+24
Mtp:            1.640000E+24
