 PDE 2011 09 16 21 08 05.30   40.2400  143.0100  18.0 6.0 6.1 OFF EAST COAST OF HONSHU, JAPAN
event name:   C201109162108A
time shift:           4.0000
half duration:        2.6000
latitude:            40.2800
longitude:          143.2800
depth:               28.0000
Mrr:            9.220000E+24
Mtt:           -4.700000E+23
Mpp:           -8.740000E+24
Mrt:            3.270000E+24
Mrp:            1.070000E+25
Mtp:           -1.550000E+24
