 PDE 2015 04 20 11 45 13.40   24.0800  122.4500  29.0 5.9 6.0 TAIWAN REGION
event name:   C201504201145A
time shift:           2.3000
half duration:        2.2000
latitude:            23.8800
longitude:          122.4000
depth:               35.8000
Mrr:            6.510000E+24
Mtt:           -7.010000E+24
Mpp:            4.900000E+23
Mrt:            5.140000E+24
Mrp:            1.480000E+24
Mtp:            5.700000E+23
