 PDE 2016 06 10 04 17 44.80   -8.6800  160.5600  30.4 6.1 6.2 SOLOMON ISLANDS
event name:   C201606100417A
time shift:           2.0000
half duration:        2.8000
latitude:            -8.6100
longitude:          160.6900
depth:               35.4000
Mrr:            1.380000E+25
Mtt:           -7.960000E+24
Mpp:           -5.870000E+24
Mrt:           -1.010000E+25
Mrp:            7.740000E+24
Mtp:            6.140000E+24
