 PDE 2012 04 28 10 08 08.10  -18.6800 -174.7100 134.7 6.7 6.7 TONGA ISLANDS
event name:   C201204281008A
time shift:           4.6000
half duration:        5.2000
latitude:           -18.7900
longitude:         -174.2600
depth:              140.7000
Mrr:           -7.630000E+25
Mtt:            7.920000E+25
Mpp:           -3.000000E+24
Mrt:            8.470000E+25
Mrp:            4.110000E+25
Mtp:            2.480000E+25
