 PDE 2015 02 16 23 06 28.30   39.8600  142.8800  23.0 6.7 6.7 NEAR EAST COAST OF HONSHU, JAPAN
event name:   C201502162306B
time shift:          11.4000
half duration:        5.7000
latitude:            39.7800
longitude:          143.2200
depth:               22.2000
Mrr:            8.600000E+25
Mtt:           -1.600000E+24
Mpp:           -8.440000E+25
Mrt:            6.200000E+25
Mrp:            1.160000E+26
Mtp:           -2.200000E+25
