 PDE 2010 09 03 16 35 47.80  -43.5300  171.8100  12.0 7.0 7.3 SOUTH ISLAND, NEW ZEALAND
event name:   C201009031635A
time shift:          10.1000
half duration:        7.5000
latitude:           -43.5600
longitude:          172.1200
depth:               12.0000
Mrr:            3.850000E+25
Mtt:            8.000000E+23
Mpp:           -3.920000E+25
Mrt:            4.910000E+25
Mrp:            1.000000E+24
Mtp:           -3.600000E+26
