 PDE 2017 12 08 02 09 57.40  -30.5600 -178.4900  12.0 5.8 5.9 KERMADEC ISLANDS, NEW ZEALAND
event name:   C201712080209A
time shift:           5.6000
half duration:        2.0000
latitude:           -30.4800
longitude:         -178.5800
depth:               13.8000
Mrr:            7.060000E+24
Mtt:           -2.310000E+24
Mpp:           -4.740000E+24
Mrt:           -1.850000E+24
Mrp:           -1.450000E+24
Mtp:            1.170000E+24
