 PDE 2019 02 02 10 59 30.30   -2.8800  100.1300  18.0 6.2 6.0 SOUTHERN SUMATRA, INDONESIA
event name:   M201902021059A
time shift:          -1.0000
half duration:        2.4000
latitude:            -3.0400
longitude:           99.9500
depth:               15.0000
Mrr:            4.310000E+24
Mtt:           -1.490000E+24
Mpp:           -2.820000E+24
Mrt:            2.160000E+25
Mrp:           -1.600000E+25
Mtp:            2.590000E+24
