 PDE 2015 05 30 17 18 39.60  -15.7400 -173.3200  50.8 6.0 5.8 TONGA ISLANDS
event name:   S201505301718A
time shift:           6.9000
half duration:        2.5000
latitude:           -15.6900
longitude:         -173.1900
depth:               70.3000
Mrr:            5.330000E+24
Mtt:            3.360000E+24
Mpp:           -8.690000E+24
Mrt:           -4.100000E+24
Mrp:           -7.140000E+24
Mtp:           -5.390000E+24
