 PDE 2008 08 09 06 01 48.50  -60.6500  153.7700  10.0 6.4 6.5 WEST OF MACQUARIE ISLAND
event name:   C200808090602A
time shift:          15.3000
half duration:        3.9000
latitude:           -60.5400
longitude:          153.3800
depth:               16.2000
Mrr:           -6.010000E+24
Mtt:            4.010000E+25
Mpp:           -3.410000E+25
Mrt:            1.400000E+25
Mrp:            1.040000E+25
Mtp:           -3.360000E+25
