 PDE 2006 05 28 03 12 08.80   -5.7200  151.1300  34.0 6.5 6.6 NEW BRITAIN REGION, P.N.G.
event name:   C200605280312A
time shift:           7.2000
half duration:        4.1000
latitude:            -5.9900
longitude:          151.3600
depth:               38.0000
Mrr:            5.040000E+25
Mtt:           -5.440000E+25
Mpp:            4.100000E+24
Mrt:            2.570000E+25
Mrp:           -1.770000E+24
Mtp:           -1.840000E+25
