 PDE 2008 04 16 00 35 48.90  -18.6100 -175.7000  10.0 6.3 6.3 TONGA ISLANDS
event name:   C200804160035A
time shift:           7.2000
half duration:        3.3000
latitude:           -18.4500
longitude:         -175.5800
depth:               12.0000
Mrr:           -2.260000E+24
Mtt:           -1.090000E+25
Mpp:            1.310000E+25
Mrt:            2.290000E+24
Mrp:            1.080000E+24
Mtp:           -2.940000E+25
