 PDE 2009 03 16 14 15 56.50    3.8100  126.5500  35.0 6.3 6.3 TALAUD ISLANDS, INDONESIA
event name:   C200903161415A
time shift:           7.5000
half duration:        3.6000
latitude:             3.7700
longitude:          126.6800
depth:               20.5000
Mrr:            2.010000E+25
Mtt:            1.030000E+25
Mpp:           -3.040000E+25
Mrt:            2.980000E+25
Mrp:            1.210000E+25
Mtp:            4.460000E+24
