 PDE 2007 10 02 03 43 40.30   -4.2400  101.2200  31.7 5.9 5.9 SOUTHERN SUMATRA, INDONESIA
event name:   C200710020343A
time shift:           1.6000
half duration:        2.3000
latitude:            -4.6300
longitude:          100.9200
depth:               23.6000
Mrr:            4.990000E+24
Mtt:           -2.950000E+24
Mpp:           -2.040000E+24
Mrt:            6.420000E+24
Mrp:           -2.920000E+24
Mtp:            3.020000E+24
