 PDE 2008 01 31 01 04 28.20   -6.1300  129.6500  10.0 5.8 5.8 BANDA SEA
event name:   C200801310104A
time shift:           4.8000
half duration:        2.0000
latitude:            -6.0700
longitude:          129.7400
depth:               19.6000
Mrr:            3.150000E+23
Mtt:           -5.880000E+24
Mpp:            5.570000E+24
Mrt:            9.500000E+22
Mrp:            2.520000E+24
Mtp:            2.780000E+24
