 PDE 2008 06 03 17 31 32.40   -8.1700  120.2500  14.0 5.9 5.9 FLORES REGION, INDONESIA
event name:   C200806031731A
time shift:           6.2000
half duration:        2.1000
latitude:            -8.0900
longitude:          120.3200
depth:               20.6000
Mrr:            6.400000E+24
Mtt:           -6.760000E+24
Mpp:            3.600000E+23
Mrt:           -5.140000E+24
Mrp:           -1.100000E+24
Mtp:           -4.200000E+23
