 PDE 2006 09 16 02 22 50.60   41.3600  135.7000 367.2 5.9 5.9 SEA OF JAPAN
event name:   C200609160222A
time shift:           2.6000
half duration:        2.1000
latitude:            41.3300
longitude:          135.7100
depth:              382.2000
Mrr:            2.240000E+24
Mtt:           -1.140000E+24
Mpp:           -1.100000E+24
Mrt:           -5.510000E+23
Mrp:           -5.910000E+24
Mtp:           -4.710000E+24
