 PDE 2005 04 10 11 55 30.70   -1.7100   99.7200  29.4 5.8 0.0 SOUTHERN SUMATRA, INDONESIA
event name:   C200504101155A
time shift:           5.6000
half duration:        2.0000
latitude:            -1.4100
longitude:           99.6800
depth:               26.4000
Mrr:            8.580000E+24
Mtt:           -3.610000E+24
Mpp:           -4.960000E+24
Mrt:           -7.600000E+23
Mrp:            1.670000E+24
Mtp:            1.390000E+24
