 PDE 2009 10 30 07 03 39.10   29.2200  129.7800  34.0 6.8 6.8 RYUKYU ISLANDS, JAPAN
event name:   C200910300703A
time shift:           6.5000
half duration:        6.0000
latitude:            28.9700
longitude:          130.2200
depth:               37.9000
Mrr:            1.500000E+26
Mtt:           -4.680000E+25
Mpp:           -1.040000E+26
Mrt:            7.400000E+25
Mrp:            6.870000E+25
Mtp:           -7.560000E+25
