 PDE 2005 11 30 16 53 42.50    6.2700  124.0300  13.0 6.4 5.9 MINDANAO, PHILIPPINES
event name:   C200511301653A
time shift:           5.6000
half duration:        3.7000
latitude:             6.3200
longitude:          123.9800
depth:               15.0000
Mrr:            2.610000E+25
Mtt:           -1.510000E+24
Mpp:           -2.460000E+25
Mrt:            6.320000E+24
Mrp:           -3.960000E+25
Mtp:            1.130000E+25
