 PDE 2008 07 27 21 15 41.30   -0.2500  -18.3000  10.0 5.9 5.9 CENTRAL MID-ATLANTIC RIDGE
event name:   C200807272115A
time shift:           6.4000
half duration:        2.1000
latitude:            -0.0100
longitude:          -18.1600
depth:               23.1000
Mrr:            7.400000E+22
Mtt:            3.110000E+24
Mpp:           -3.180000E+24
Mrt:            7.720000E+23
Mrp:           -9.770000E+23
Mtp:           -7.280000E+24
