 PDE 2005 07 10 04 46 31.20  -36.3100  -97.2600  10.0 6.0 5.7 WEST CHILE RISE
event name:   C200507100446A
time shift:           2.7000
half duration:        2.5000
latitude:           -36.3800
longitude:          -97.4600
depth:               12.0000
Mrr:           -1.900000E+23
Mtt:            6.000000E+22
Mpp:            1.300000E+23
Mrt:            1.250000E+24
Mrp:           -3.390000E+24
Mtp:           -1.250000E+25
