 PDE 2009 12 10 02 30 52.70   53.4200  152.7600 656.2 6.3 6.3 SEA OF OKHOTSK
event name:   C200912100230A
time shift:           2.2000
half duration:        3.4000
latitude:            53.4400
longitude:          152.7700
depth:              655.7000
Mrr:           -1.780000E+25
Mtt:           -1.070000E+25
Mpp:            2.850000E+25
Mrt:           -1.340000E+25
Mrp:           -1.510000E+25
Mtp:           -6.080000E+24
