 PDE 2005 01 19 06 11 36.40   34.0600  141.4900  27.8 6.5 6.4 OFF EAST COAST OF HONSHU, JAPAN
event name:   C200501190611A
time shift:          11.7000
half duration:        4.5000
latitude:            34.0100
longitude:          141.9500
depth:               15.0000
Mrr:            5.590000E+25
Mtt:           -1.550000E+24
Mpp:           -5.440000E+25
Mrt:           -9.130000E+24
Mrp:            5.870000E+25
Mtp:            2.550000E+24
