 PDE 2007 04 03 12 04 27.40   -7.8600  155.8000   8.0 6.0 6.1 SOLOMON ISLANDS
event name:   C200704031204A
time shift:           6.7000
half duration:        2.6000
latitude:            -8.0800
longitude:          155.8000
depth:               12.0000
Mrr:           -1.250000E+25
Mtt:            1.600000E+25
Mpp:           -3.530000E+24
Mrt:           -3.950000E+24
Mrp:           -1.010000E+24
Mtp:            5.600000E+23
