 PDE 2005 02 10 16 53 20.00  -23.1000  169.2200   9.0 6.2 5.7 SOUTHEAST OF LOYALTY ISLANDS
event name:   C200502101653A
time shift:           5.5000
half duration:        3.1000
latitude:           -23.1100
longitude:          169.2100
depth:               12.0000
Mrr:           -2.430000E+25
Mtt:            2.460000E+25
Mpp:           -2.900000E+23
Mrt:           -2.280000E+24
Mrp:           -2.280000E+24
Mtp:            9.300000E+23
