 PDE 2005 11 25 05 31 18.80    5.9300  126.3800  38.8 5.8 0.0 MINDANAO, PHILIPPINES
event name:   C200511250531A
time shift:           1.5000
half duration:        2.0000
latitude:             5.8700
longitude:          126.3300
depth:               45.9000
Mrr:            6.270000E+24
Mtt:           -6.130000E+23
Mpp:           -5.660000E+24
Mrt:            1.260000E+23
Mrp:           -1.180000E+24
Mtp:            1.620000E+24
