 PDE 2008 03 22 21 24 11.30   52.1800 -178.7200 132.0 6.2 6.2 ANDREANOF ISLANDS, ALEUTIAN IS.
event name:   C200803222124A
time shift:           2.8000
half duration:        3.1000
latitude:            51.9800
longitude:         -178.5000
depth:              133.5000
Mrr:           -1.160000E+25
Mtt:           -5.300000E+23
Mpp:            1.210000E+25
Mrt:            3.850000E+24
Mrp:           -2.160000E+25
Mtp:           -7.000000E+24
