 PDE 2005 03 15 00 15 21.10   11.2400  -86.0700  30.0 5.8 5.5 NEAR COAST OF NICARAGUA
event name:   C200503150015A
time shift:           3.9000
half duration:        2.0000
latitude:            10.7100
longitude:          -86.6100
depth:               32.9000
Mrr:            4.520000E+24
Mtt:           -3.090000E+24
Mpp:           -1.440000E+24
Mrt:            3.350000E+24
Mrp:           -2.340000E+24
Mtp:            3.040000E+24
