 PDE 2008 12 09 06 23 59.80  -31.2300 -176.9200  18.0 6.7 6.8 KERMADEC ISLANDS REGION
event name:   C200812090624A
time shift:           7.2000
half duration:        5.5000
latitude:           -31.0300
longitude:         -176.5400
depth:               18.8000
Mrr:           -1.290000E+26
Mtt:           -2.310000E+25
Mpp:            1.520000E+26
Mrt:           -1.860000E+25
Mrp:           -3.530000E+25
Mtp:            7.800000E+24
