 PDE 2007 07 17 14 10 42.50   -2.7300   36.3600   8.0 5.9 5.9 TANZANIA
event name:   C200707171410A
time shift:           4.1000
half duration:        2.1000
latitude:            -2.7200
longitude:           35.9300
depth:               12.0000
Mrr:           -7.830000E+24
Mtt:            5.590000E+24
Mpp:            2.240000E+24
Mrt:           -1.270000E+24
Mrp:           -4.100000E+23
Mtp:            3.440000E+24
