 PDE 2007 04 02 23 20 23.30   -8.6200  157.3900  18.0 6.2 6.2 SOLOMON ISLANDS
event name:   C200704022320A
time shift:           5.6000
half duration:        3.2000
latitude:            -8.8800
longitude:          157.5500
depth:               12.0000
Mrr:            1.860000E+25
Mtt:           -1.470000E+25
Mpp:           -3.990000E+24
Mrt:            2.020000E+25
Mrp:            5.720000E+24
Mtp:            9.460000E+24
