 PDE 2008 08 30 06 54 07.60   -6.1500  147.2600  75.0 6.4 6.4 EASTERN NEW GUINEA REG., P.N.G.
event name:   C200808300654A
time shift:           6.6000
half duration:        3.9000
latitude:            -6.3300
longitude:          147.4900
depth:               88.2000
Mrr:            5.880000E+24
Mtt:            3.180000E+25
Mpp:           -3.770000E+25
Mrt:            2.870000E+25
Mrp:            2.610000E+24
Mtp:           -2.240000E+25
