 PDE 2007 11 23 01 26 47.40   -4.6300  151.8700 150.3 5.9 5.9 NEW BRITAIN REGION, P.N.G.
event name:   C200711230126A
time shift:           3.2000
half duration:        2.1000
latitude:            -4.8100
longitude:          151.9400
depth:              155.9000
Mrr:            4.140000E+24
Mtt:           -3.490000E+24
Mpp:           -6.420000E+23
Mrt:            6.310000E+24
Mrp:            2.160000E+24
Mtp:           -9.100000E+23
