 PDE 2008 02 21 02 46 17.90   77.0800   18.5700  10.0 6.1 6.1 SVALBARD REGION
event name:   C200802210246A
time shift:           4.0000
half duration:        2.6000
latitude:            77.0200
longitude:           19.2800
depth:               12.8000
Mrr:           -6.870000E+24
Mtt:            1.620000E+25
Mpp:           -9.370000E+24
Mrt:           -4.240000E+24
Mrp:           -6.060000E+24
Mtp:            3.200000E+23
