 PDE 2009 10 10 19 41 24.00  -15.6600 -173.0600  12.0 5.9 5.9 TONGA ISLANDS
event name:   C200910101941A
time shift:           7.8000
half duration:        2.3000
latitude:           -15.5500
longitude:         -172.5900
depth:               17.9000
Mrr:            7.820000E+24
Mtt:            6.100000E+23
Mpp:           -8.430000E+24
Mrt:            3.400000E+23
Mrp:            6.050000E+24
Mtp:            1.630000E+24
