 PDE 2006 01 06 03 39 58.50    6.6400  -82.3400   7.4 6.0 5.5 SOUTH OF PANAMA
event name:   C200601060339A
time shift:           3.9000
half duration:        2.5000
latitude:             6.6000
longitude:          -82.3500
depth:               15.0000
Mrr:           -5.200000E+23
Mtt:            2.020000E+24
Mpp:           -1.500000E+24
Mrt:            3.040000E+24
Mrp:           -1.600000E+23
Mtp:            1.210000E+25
