 PDE 2006 09 15 10 13 14.80   -6.0200  150.4700  27.7 5.8 5.9 NEW BRITAIN REGION, P.N.G.
event name:   C200609151013A
time shift:           5.5000
half duration:        2.0000
latitude:            -6.4300
longitude:          150.5200
depth:               34.5000
Mrr:            5.570000E+24
Mtt:           -6.110000E+24
Mpp:            5.400000E+23
Mrt:            2.910000E+24
Mrp:            8.870000E+23
Mtp:           -1.010000E+24
