 PDE 2008 08 21 12 24 29.50   25.0400   97.6800   1.0 6.0 6.0 MYANMAR-CHINA BORDER REGION
event name:   C200808211224A
time shift:           6.2000
half duration:        2.5000
latitude:            24.9200
longitude:           97.9900
depth:               18.2000
Mrr:           -7.300000E+23
Mtt:            3.570000E+24
Mpp:           -2.840000E+24
Mrt:            2.350000E+24
Mrp:            4.900000E+23
Mtp:            1.250000E+25
