 PDE 2008 03 03 09 31 02.50   46.4100  153.1800  10.0 6.5 6.5 KURIL ISLANDS
event name:   C200803030931A
time shift:           8.1000
half duration:        4.2000
latitude:            46.2600
longitude:          153.3800
depth:               13.6000
Mrr:            4.990000E+25
Mtt:           -2.010000E+25
Mpp:           -2.970000E+25
Mrt:            1.750000E+25
Mrp:            3.250000E+25
Mtp:           -3.180000E+25
