 PDE 2006 11 06 20 56 48.70   -5.4100  146.6500 111.2 6.0 6.0 EASTERN NEW GUINEA REG., P.N.G.
event name:   C200611062056A
time shift:          10.0000
half duration:        2.3000
latitude:            -5.4700
longitude:          146.7100
depth:              160.1000
Mrr:           -8.470000E+24
Mtt:           -3.300000E+24
Mpp:            1.180000E+25
Mrt:            1.000000E+23
Mrp:           -3.420000E+24
Mtp:            3.160000E+24
