 PDE 2009 10 07 20 52 13.00   81.5700  119.5300   8.0 5.8 5.8 EAST OF SEVERNAYA ZEMLYA
event name:   C200910072052A
time shift:           2.4000
half duration:        2.0000
latitude:            81.5600
longitude:          120.0300
depth:               12.0000
Mrr:           -5.980000E+24
Mtt:            6.840000E+23
Mpp:            5.300000E+24
Mrt:           -5.000000E+22
Mrp:           -1.070000E+24
Mtp:           -3.100000E+24
