 PDE 2005 02 02 02 30 25.90   14.0800  144.7100 158.7 6.3 0.0 MARIANA ISLANDS
event name:   C200502020230A
time shift:           3.9000
half duration:        3.3000
latitude:            13.8600
longitude:          144.8100
depth:              159.4000
Mrr:           -3.280000E+24
Mtt:           -2.100000E+24
Mpp:            5.380000E+24
Mrt:            1.070000E+25
Mrp:           -8.100000E+23
Mtp:           -2.930000E+25
