 PDE 2007 01 11 14 31 20.70   -3.6500  127.2800  13.0 6.0 6.0 SERAM, INDONESIA
event name:   C200701111431A
time shift:           5.4000
half duration:        2.4000
latitude:            -3.4700
longitude:          127.3100
depth:               17.4000
Mrr:            9.290000E+24
Mtt:           -1.700000E+24
Mpp:           -7.590000E+24
Mrt:           -4.370000E+24
Mrp:           -4.700000E+23
Mtp:            8.280000E+24
