 PDE 2008 02 16 14 45 11.70  -21.3500  -68.3900 130.1 6.1 6.1 CHILE-BOLIVIA BORDER REGION
event name:   C200802161445A
time shift:           3.6000
half duration:        2.6000
latitude:           -21.5800
longitude:          -68.7700
depth:              135.3000
Mrr:           -7.860000E+24
Mtt:            1.460000E+24
Mpp:            6.400000E+24
Mrt:           -4.100000E+23
Mrp:           -1.390000E+25
Mtp:            3.310000E+24
