 PDE 2009 11 03 05 25 08.10   37.5000   20.4900  10.0 5.8 5.8 IONIAN SEA
event name:   C200911030525A
time shift:           5.5000
half duration:        2.0000
latitude:            37.3500
longitude:           20.1900
depth:               15.5000
Mrr:            2.180000E+24
Mtt:           -8.110000E+23
Mpp:           -1.370000E+24
Mrt:            4.140000E+24
Mrp:           -4.480000E+24
Mtp:            1.410000E+24
