 PDE 2005 03 13 03 31 23.10   27.1100   61.8900  54.0 6.0 5.4 SOUTHERN IRAN
event name:   C200503130331A
time shift:           3.2000
half duration:        2.4000
latitude:            26.7300
longitude:           62.0000
depth:               58.0000
Mrr:           -9.410000E+24
Mtt:            1.150000E+25
Mpp:           -2.050000E+24
Mrt:           -3.230000E+24
Mrp:           -1.060000E+24
Mtp:            4.760000E+24
