 PDE 2007 08 20 22 42 29.20    8.0400  -39.2500  10.0 6.5 6.5 CENTRAL MID-ATLANTIC RIDGE
event name:   C200708202242A
time shift:           6.3000
half duration:        4.6000
latitude:             8.1900
longitude:          -39.1700
depth:               12.0000
Mrr:            2.700000E+23
Mtt:           -2.150000E+24
Mpp:            1.880000E+24
Mrt:           -5.570000E+24
Mrp:            1.910000E+25
Mtp:           -7.910000E+25
