 PDE 2008 03 06 01 21 59.10    2.5700  128.2300 125.0 5.8 5.8 HALMAHERA, INDONESIA
event name:   C200803060121A
time shift:           3.2000
half duration:        2.1000
latitude:             2.6400
longitude:          128.2800
depth:              131.4000
Mrr:            4.820000E+24
Mtt:            1.350000E+24
Mpp:           -6.180000E+24
Mrt:            2.690000E+24
Mrp:            4.110000E+24
Mtp:            8.920000E+23
