 PDE 2008 09 09 12 22 49.10   -9.2700  158.2600  12.0 5.9 5.9 SOLOMON ISLANDS
event name:   C200809091222A
time shift:           3.9000
half duration:        2.3000
latitude:            -9.4200
longitude:          158.3600
depth:               18.5000
Mrr:            3.560000E+24
Mtt:            5.700000E+23
Mpp:           -4.140000E+24
Mrt:            1.970000E+24
Mrp:            1.500000E+23
Mtp:            9.550000E+24
