 PDE 2007 10 16 21 05 43.30  -25.7700  179.5300 509.3 6.6 6.6 SOUTH OF FIJI ISLANDS
event name:   C200710162105A
time shift:           3.5000
half duration:        4.8000
latitude:           -25.7000
longitude:          179.7200
depth:              512.4000
Mrr:            2.640000E+25
Mtt:           -4.610000E+25
Mpp:            1.970000E+25
Mrt:           -1.790000E+25
Mrp:           -7.260000E+25
Mtp:           -4.990000E+25
