 PDE 2008 11 22 16 01 39.40  -22.5200  171.2000  57.3 6.4 6.4 SOUTHEAST OF LOYALTY ISLANDS
event name:   C200811221601A
time shift:           3.7000
half duration:        3.9000
latitude:           -22.5200
longitude:          171.1100
depth:               47.1000
Mrr:           -1.540000E+25
Mtt:            1.490000E+25
Mpp:            5.200000E+23
Mrt:            4.730000E+25
Mrp:            5.150000E+24
Mtp:            8.180000E+24
