 PDE 2009 09 03 19 51 08.00   24.3300   94.6800 104.6 5.9 5.9 MYANMAR-INDIA BORDER REGION
event name:   C200909031951A
time shift:           2.5000
half duration:        2.2000
latitude:            24.2900
longitude:           94.7300
depth:              115.5000
Mrr:            4.220000E+24
Mtt:           -6.890000E+24
Mpp:            2.670000E+24
Mrt:           -4.320000E+24
Mrp:           -2.840000E+24
Mtp:            3.770000E+24
