 PDE 2008 07 21 11 30 29.30   37.1900  142.0500  22.0 5.9 6.0 OFF EAST COAST OF HONSHU, JAPAN
event name:   C200807211130A
time shift:           4.8000
half duration:        2.2000
latitude:            37.1600
longitude:          142.3000
depth:               29.6000
Mrr:            5.340000E+24
Mtt:           -4.900000E+23
Mpp:           -4.840000E+24
Mrt:            3.310000E+24
Mrp:            6.670000E+24
Mtp:           -2.580000E+24
