 PDE 2005 02 15 14 42 25.90    4.7600  126.4200  39.7 6.5 6.0 TALAUD ISLANDS, INDONESIA
event name:   C200502151442A
time shift:           6.3000
half duration:        4.4000
latitude:             4.8000
longitude:          126.6600
depth:               56.8000
Mrr:            2.310000E+25
Mtt:           -5.890000E+24
Mpp:           -1.720000E+25
Mrt:            1.120000E+25
Mrp:            5.970000E+25
Mtp:           -2.910000E+25
