 PDE 2008 02 21 14 16 02.70   41.1500 -114.8700   6.7 6.0 6.0 NEVADA
event name:   C200802211416A
time shift:           7.3000
half duration:        2.5000
latitude:            41.1600
longitude:         -114.8500
depth:               13.5000
Mrr:           -1.270000E+25
Mtt:            1.980000E+24
Mpp:            1.070000E+25
Mrt:            6.900000E+23
Mrp:            2.560000E+24
Mtp:            6.100000E+24
