 PDE 2008 04 19 05 58 42.20  -20.2700  168.8000  14.0 6.2 6.3 LOYALTY ISLANDS
event name:   C200804190558A
time shift:           6.2000
half duration:        3.2000
latitude:           -20.3600
longitude:          168.7200
depth:               12.0000
Mrr:            1.570000E+25
Mtt:           -2.380000E+25
Mpp:            8.100000E+24
Mrt:           -3.000000E+22
Mrp:            1.640000E+25
Mtp:            1.270000E+25
