 PDE 2009 08 05 08 31 40.50  -45.5500  166.3600  10.0 6.1 6.1 OFF W. COAST OF S. ISLAND, N.Z.
event name:   C200908050831A
time shift:           5.8000
half duration:        2.7000
latitude:           -45.4800
longitude:          166.1300
depth:               12.0000
Mrr:            1.070000E+25
Mtt:           -2.200000E+23
Mpp:           -1.050000E+25
Mrt:            2.400000E+23
Mrp:           -1.210000E+25
Mtp:           -3.960000E+24
