 PDE 2008 11 04 18 35 45.30  -17.1400  168.4600 205.7 6.3 6.3 VANUATU ISLANDS
event name:   C200811041835A
time shift:           7.9000
half duration:        3.6000
latitude:           -17.0300
longitude:          168.3100
depth:              231.6000
Mrr:            1.690000E+25
Mtt:           -3.660000E+25
Mpp:            1.980000E+25
Mrt:            3.430000E+24
Mrp:           -1.440000E+25
Mtp:           -2.160000E+25
