 PDE 2005 09 21 02 25 08.10   43.8900  146.1500 103.0 6.0 0.0 KURIL ISLANDS
event name:   C200509210225A
time shift:           2.2000
half duration:        2.5000
latitude:            43.9000
longitude:          146.4100
depth:              107.2000
Mrr:           -1.580000E+24
Mtt:            2.750000E+24
Mpp:           -1.170000E+24
Mrt:            9.500000E+24
Mrp:            8.670000E+24
Mtp:            3.400000E+24
