 PDE 2008 04 09 11 23 40.30  -20.1800  168.9000  35.0 6.3 6.3 LOYALTY ISLANDS
event name:   C200804091123A
time shift:           5.6000
half duration:        3.4000
latitude:           -20.2600
longitude:          168.6300
depth:               31.7000
Mrr:            2.970000E+25
Mtt:           -4.060000E+24
Mpp:           -2.560000E+25
Mrt:            3.340000E+24
Mrp:           -1.580000E+25
Mtp:            1.160000E+25
