 PDE 2005 05 14 05 05 18.50    0.5900   98.4600  34.0 6.7 6.8 NORTHERN SUMATRA, INDONESIA
event name:   C200505140505A
time shift:           6.2000
half duration:        5.6000
latitude:             0.4200
longitude:           98.2400
depth:               39.0000
Mrr:            1.010000E+26
Mtt:           -2.630000E+25
Mpp:           -7.440000E+25
Mrt:            5.660000E+25
Mrp:           -9.580000E+25
Mtp:            5.050000E+25
