 PDE 2008 02 26 18 18 26.40   -3.8600  101.0600  13.3 5.9 5.9 SOUTHERN SUMATRA, INDONESIA
event name:   C200802261818A
time shift:           5.7000
half duration:        2.5000
latitude:            -4.2800
longitude:          100.8100
depth:               19.0000
Mrr:            3.770000E+24
Mtt:           -2.480000E+24
Mpp:           -1.300000E+24
Mrt:            7.680000E+24
Mrp:           -3.130000E+24
Mtp:            3.330000E+24
