 PDE 2009 03 12 23 23 34.80    5.6900  -82.7700   9.0 6.3 6.3 SOUTH OF PANAMA
event name:   C200903122323A
time shift:           5.5000
half duration:        3.4000
latitude:             5.5100
longitude:          -82.6000
depth:               23.4000
Mrr:           -1.310000E+24
Mtt:            2.660000E+24
Mpp:           -1.360000E+24
Mrt:            3.070000E+24
Mrp:            1.300000E+23
Mtp:            3.430000E+25
