 PDE 2008 07 15 03 26 34.70   35.8000   27.8600  52.0 6.4 6.4 DODECANESE ISLANDS, GREECE
event name:   C200807150326A
time shift:           5.1000
half duration:        3.8000
latitude:            35.6700
longitude:           27.6900
depth:               42.2000
Mrr:           -1.220000E+25
Mtt:           -3.700000E+23
Mpp:            1.260000E+25
Mrt:            2.560000E+25
Mrp:            3.790000E+24
Mtp:            3.960000E+25
