 PDE 2005 12 21 07 09 05.20   -0.0700  124.6700  25.0 6.3 5.9 SOUTHERN MOLUCCA SEA
event name:   C200512210709A
time shift:           7.1000
half duration:        3.6000
latitude:            -0.2000
longitude:          124.9500
depth:               31.0000
Mrr:            2.440000E+25
Mtt:           -1.810000E+25
Mpp:           -6.300000E+24
Mrt:            4.540000E+24
Mrp:            3.010000E+25
Mtp:           -1.690000E+25
