 PDE 2006 06 18 18 28 02.20   33.0300  -39.7000  10.0 6.0 5.9 NORTHERN MID-ATLANTIC RIDGE
event name:   C200606181828A
time shift:           4.7000
half duration:        2.3000
latitude:            32.9700
longitude:          -39.7500
depth:               12.0000
Mrr:           -1.030000E+25
Mtt:            6.900000E+23
Mpp:            9.620000E+24
Mrt:           -3.900000E+23
Mrp:           -2.310000E+24
Mtp:            4.250000E+24
