 PDE 2007 01 20 06 21 04.60  -55.4200  -29.5300  10.0 6.2 6.2 SOUTH SANDWICH ISLANDS REGION
event name:   C200701200621A
time shift:           5.9000
half duration:        3.1000
latitude:           -55.3100
longitude:          -29.3300
depth:               12.0000
Mrr:           -1.730000E+24
Mtt:           -2.150000E+25
Mpp:            2.330000E+25
Mrt:           -3.530000E+24
Mrp:            6.110000E+24
Mtp:            1.150000E+25
