 PDE 2009 10 13 20 21 53.20   52.6000 -167.1200  14.0 6.4 6.4 FOX ISLANDS, ALEUTIAN ISLANDS
event name:   C200910132021A
time shift:           6.8000
half duration:        3.8000
latitude:            52.4400
longitude:         -167.2000
depth:               12.0000
Mrr:            2.740000E+25
Mtt:           -2.600000E+25
Mpp:           -1.370000E+24
Mrt:            3.480000E+25
Mrp:            1.790000E+25
Mtp:           -8.790000E+24
