 PDE 2005 12 08 09 01 27.10   -5.4100  146.9500 216.8 6.1 0.0 EASTERN NEW GUINEA REG., P.N.G.
event name:   C200512080901A
time shift:           5.3000
half duration:        2.7000
latitude:            -5.5200
longitude:          147.1100
depth:              218.9000
Mrr:            1.010000E+25
Mtt:           -1.090000E+25
Mpp:            8.200000E+23
Mrt:            1.130000E+25
Mrp:           -6.570000E+24
Mtp:            7.900000E+23
