 PDE 2007 04 04 19 58 03.80  -17.2300   66.7900  10.0 5.9 5.9 MAURITIUS - REUNION REGION
event name:   C200704041958A
time shift:           5.4000
half duration:        2.2000
latitude:           -17.1200
longitude:           66.5000
depth:               18.5000
Mrr:           -7.300000E+23
Mtt:           -7.860000E+24
Mpp:            8.600000E+24
Mrt:           -8.100000E+23
Mrp:           -6.300000E+23
Mtp:            3.130000E+24
