 PDE 2009 10 25 07 53 52.20  -23.0900 -179.2100 417.9 6.0 6.0 SOUTH OF FIJI ISLANDS
event name:   C200910250753A
time shift:           3.2000
half duration:        2.3000
latitude:           -23.0000
longitude:         -178.9700
depth:              419.3000
Mrr:            4.200000E+24
Mtt:            7.820000E+24
Mpp:           -1.200000E+25
Mrt:            2.730000E+24
Mrp:            3.000000E+24
Mtp:           -1.400000E+24
