 PDE 2005 06 01 20 06 41.50   28.8800   94.6300  25.8 5.8 5.7 EASTERN XIZANG-INDIA BORDER REG.
event name:   C200506012006A
time shift:           3.2000
half duration:        2.1000
latitude:            28.8100
longitude:           94.7200
depth:               19.0000
Mrr:            4.190000E+23
Mtt:           -8.850000E+23
Mpp:            4.670000E+23
Mrt:            6.890000E+24
Mrp:           -3.170000E+23
Mtp:           -5.660000E+23
