 PDE 2009 06 02 02 17 03.50  -17.7600  167.9500  15.0 6.3 6.3 VANUATU ISLANDS
event name:   C200906020217A
time shift:           8.2000
half duration:        3.6000
latitude:           -17.7300
longitude:          167.6400
depth:               19.8000
Mrr:            2.850000E+25
Mtt:            2.140000E+24
Mpp:           -3.060000E+25
Mrt:            9.820000E+24
Mrp:           -2.760000E+25
Mtp:            3.540000E+24
