 PDE 2008 06 28 12 54 46.40   10.8500   91.7100  15.0 6.1 6.1 ANDAMAN ISLANDS, INDIA REGION
event name:   C200806281254A
time shift:           3.9000
half duration:        2.7000
latitude:            10.9000
longitude:           91.8000
depth:               12.0000
Mrr:           -1.250000E+25
Mtt:           -3.800000E+23
Mpp:            1.290000E+25
Mrt:            8.320000E+24
Mrp:           -3.910000E+24
Mtp:            5.120000E+24
