 PDE 2009 05 03 16 21 47.00   14.5700  -91.1700 123.8 6.3 6.2 GUATEMALA
event name:   C200905031621A
time shift:           2.8000
half duration:        3.3000
latitude:            14.5600
longitude:          -91.5000
depth:               90.5000
Mrr:           -1.100000E+25
Mtt:            1.340000E+25
Mpp:           -2.390000E+24
Mrt:            1.990000E+25
Mrp:           -1.900000E+25
Mtp:           -1.310000E+25
