 PDE 2005 04 28 14 07 33.70    2.1300   96.8000  22.0 6.2 6.2 NORTHERN SUMATRA, INDONESIA
event name:   C200504281407A
time shift:           3.6000
half duration:        3.1000
latitude:             1.8400
longitude:           96.5500
depth:               23.0000
Mrr:            1.160000E+25
Mtt:           -7.290000E+24
Mpp:           -4.300000E+24
Mrt:            1.500000E+25
Mrp:           -1.590000E+25
Mtp:            7.480000E+24
