 PDE 2005 12 13 03 16 06.40  -15.2700 -178.5700  10.0 6.7 6.8 FIJI ISLANDS REGION
event name:   C200512130316A
time shift:           6.5000
half duration:        5.3000
latitude:           -15.0400
longitude:         -178.4300
depth:               15.0000
Mrr:           -1.740000E+25
Mtt:            1.090000E+25
Mpp:            6.500000E+24
Mrt:           -6.000000E+24
Mrp:           -9.900000E+24
Mtp:            1.250000E+26
