 PDE 2009 04 04 05 31 55.50    5.1500  127.2000  48.0 6.2 6.3 PHILIPPINE ISLANDS REGION
event name:   C200904040531A
time shift:           3.5000
half duration:        3.2000
latitude:             5.2100
longitude:          127.2000
depth:               57.3000
Mrr:            1.940000E+25
Mtt:           -2.330000E+24
Mpp:           -1.710000E+25
Mrt:           -1.070000E+25
Mrp:           -2.450000E+24
Mtp:            2.040000E+25
