 PDE 2006 11 18 13 57 53.80    4.7400   94.7700  29.0 5.9 5.7 OFF W COAST OF NORTHERN SUMATRA
event name:   C200611181357A
time shift:           3.7000
half duration:        2.3000
latitude:             4.6000
longitude:           94.6700
depth:               23.0000
Mrr:            3.720000E+24
Mtt:           -8.840000E+23
Mpp:           -2.830000E+24
Mrt:            4.060000E+24
Mrp:           -6.170000E+24
Mtp:            1.560000E+24
