 PDE 2008 11 28 13 42 18.70   40.3500 -126.9800  10.0 5.9 5.9 OFF COAST OF NORTHERN CALIFORNIA
event name:   C200811281342A
time shift:           4.8000
half duration:        2.3000
latitude:            40.3500
longitude:         -127.0400
depth:               22.8000
Mrr:           -1.450000E+24
Mtt:            6.200000E+23
Mpp:            8.200000E+23
Mrt:           -8.900000E+23
Mrp:            9.900000E+23
Mtp:           -1.020000E+25
