 PDE 2006 02 18 15 59 22.10   -5.1900  152.0500  44.2 6.2 6.2 NEW BRITAIN REGION, P.N.G.
event name:   C200602181559A
time shift:           3.8000
half duration:        3.1000
latitude:            -5.2700
longitude:          152.1300
depth:               46.3000
Mrr:            1.500000E+25
Mtt:           -1.650000E+25
Mpp:            1.440000E+24
Mrt:           -1.920000E+25
Mrp:            1.840000E+24
Mtp:            4.390000E+24
