 PDE 2005 03 21 12 23 54.10  -24.9800  -63.4700 579.1 6.8 0.0 SALTA PROVINCE, ARGENTINA
event name:   C200503211223A
time shift:           4.3000
half duration:        6.4000
latitude:           -24.8800
longitude:          -63.5400
depth:              572.3000
Mrr:           -1.970000E+25
Mtt:           -3.660000E+25
Mpp:            5.630000E+25
Mrt:           -7.400000E+25
Mrp:            2.040000E+26
Mtp:            5.010000E+25
