 PDE 2008 09 11 00 00 02.70    1.8800  127.3600  96.0 6.6 6.6 HALMAHERA, INDONESIA
event name:   C200809110000A
time shift:           4.1000
half duration:        4.8000
latitude:             1.9100
longitude:          127.3400
depth:              119.6000
Mrr:            2.870000E+25
Mtt:            2.500000E+25
Mpp:           -5.370000E+25
Mrt:           -6.980000E+25
Mrp:           -4.030000E+25
Mtp:           -1.660000E+25
