 PDE 2006 11 19 18 57 33.60   -4.5200 -104.8300  10.0 6.1 6.0 CENTRAL EAST PACIFIC RISE
event name:   C200611191857A
time shift:           4.3000
half duration:        2.6000
latitude:            -4.5400
longitude:         -104.8500
depth:               17.1000
Mrr:           -1.220000E+24
Mtt:            4.690000E+24
Mpp:           -3.470000E+24
Mrt:            1.480000E+24
Mrp:            3.400000E+23
Mtp:            1.460000E+25
