 PDE 2008 09 08 03 03 15.90  -19.9600  169.1100  36.0 6.2 6.2 VANUATU ISLANDS
event name:   C200809080303A
time shift:           5.0000
half duration:        3.0000
latitude:           -19.9700
longitude:          168.8100
depth:               47.5000
Mrr:            2.070000E+25
Mtt:            3.680000E+24
Mpp:           -2.440000E+25
Mrt:           -5.410000E+24
Mrp:           -2.140000E+24
Mtp:            2.490000E+24
