 PDE 2007 05 17 19 29 10.20  -30.6600 -178.2000  40.7 6.0 6.0 KERMADEC ISLANDS, NEW ZEALAND
event name:   C200705171929A
time shift:           4.8000
half duration:        2.3000
latitude:           -30.6200
longitude:         -177.7300
depth:               49.8000
Mrr:            9.480000E+24
Mtt:            4.000000E+22
Mpp:           -9.510000E+24
Mrt:            8.600000E+23
Mrp:            4.400000E+24
Mtp:           -2.840000E+24
