 PDE 2009 08 03 17 59 56.20   29.0400 -112.9000  10.0 6.9 6.9 GULF OF CALIFORNIA
event name:   C200908031800A
time shift:          10.3000
half duration:        6.7000
latitude:            29.2200
longitude:         -113.5300
depth:               12.2000
Mrr:           -3.500000E+24
Mtt:           -2.500000E+26
Mpp:            2.540000E+26
Mrt:           -4.000000E+24
Mrp:           -1.600000E+25
Mtp:           -3.320000E+25
