 PDE 2007 07 01 14 34 12.00   -5.9300  130.5600 134.6 5.9 5.9 BANDA SEA
event name:   C200707011434A
time shift:           2.0000
half duration:        2.2000
latitude:            -5.9700
longitude:          130.5500
depth:              142.4000
Mrr:            2.960000E+24
Mtt:           -7.500000E+24
Mpp:            4.540000E+24
Mrt:            3.920000E+24
Mrp:            3.370000E+24
Mtp:            2.210000E+24
