 PDE 2005 04 10 22 22 15.70   35.6000  140.4000  43.0 5.9 5.4 NEAR EAST COAST OF HONSHU, JAPAN
event name:   C200504102222A
time shift:           2.6000
half duration:        2.2000
latitude:            35.6100
longitude:          140.8100
depth:               50.0000
Mrr:            6.950000E+24
Mtt:            4.400000E+23
Mpp:           -7.390000E+24
Mrt:           -4.100000E+23
Mrp:            6.710000E+24
Mtp:           -9.900000E+23
