 PDE 2005 12 05 12 19 56.60   -6.2200   29.8300  22.0 6.8 7.2 LAKE TANGANYIKA REGION
event name:   C200512051219A
time shift:           7.7000
half duration:        6.0000
latitude:            -6.2300
longitude:           29.6000
depth:               18.0000
Mrr:           -1.560000E+26
Mtt:           -1.380000E+25
Mpp:            1.690000E+26
Mrt:           -7.420000E+25
Mrp:           -1.210000E+25
Mtp:           -2.940000E+25
