 PDE 2005 09 05 07 37 31.30  -56.4100 -142.3900  10.0 6.2 5.8 PACIFIC-ANTARCTIC RIDGE
event name:   C200509050737A
time shift:           3.9000
half duration:        3.1000
latitude:           -56.5900
longitude:         -142.5400
depth:               12.0000
Mrr:           -6.700000E+23
Mtt:            1.870000E+25
Mpp:           -1.800000E+25
Mrt:            6.550000E+24
Mrp:            4.150000E+24
Mtp:            1.410000E+25
