 PDE 2007 03 25 01 08 19.00  -20.7500  169.3500  35.0 6.9 7.1 VANUATU ISLANDS
event name:   C200703250108A
time shift:           9.1000
half duration:        6.8000
latitude:           -20.8900
longitude:          168.9900
depth:               31.3000
Mrr:            2.310000E+26
Mtt:           -2.630000E+25
Mpp:           -2.050000E+26
Mrt:            3.850000E+25
Mrp:           -1.210000E+26
Mtp:            1.050000E+26
