 PDE 2008 01 01 18 54 59.00   -5.8800  146.8800  34.0 6.3 6.3 EASTERN NEW GUINEA REG., P.N.G.
event name:   C200801011855A
time shift:           9.9000
half duration:        3.4000
latitude:            -5.9500
longitude:          146.9400
depth:               51.2000
Mrr:            3.260000E+25
Mtt:           -3.110000E+25
Mpp:           -1.460000E+24
Mrt:           -3.400000E+23
Mrp:            7.600000E+23
Mtp:            1.340000E+25
