 PDE 2008 02 25 18 06 03.90   -2.3300   99.8900  25.0 6.6 6.4 SOUTHERN SUMATRA, INDONESIA
event name:   C200802251806A
time shift:           4.6000
half duration:        5.7000
latitude:            -2.5800
longitude:           99.7300
depth:               15.0000
Mrr:            2.100000E+25
Mtt:           -1.240000E+25
Mpp:           -8.700000E+24
Mrt:            8.130000E+25
Mrp:           -5.750000E+25
Mtp:            1.300000E+25
