 PDE 2006 12 01 14 01 47.50   -8.2500  118.7800  43.2 6.3 6.3 SUMBAWA REGION, INDONESIA
event name:   C200612011401A
time shift:           4.4000
half duration:        3.6000
latitude:            -8.1600
longitude:          118.8000
depth:               27.4000
Mrr:            2.680000E+25
Mtt:           -2.980000E+25
Mpp:            3.050000E+24
Mrt:           -2.630000E+25
Mrp:           -8.950000E+24
Mtp:           -5.720000E+24
