 PDE 2008 07 13 14 58 32.30   21.0100  121.1400  10.0 6.2 6.3 TAIWAN REGION
event name:   C200807131458A
time shift:           4.6000
half duration:        3.0000
latitude:            21.0400
longitude:          121.0500
depth:               14.9000
Mrr:            2.940000E+24
Mtt:            7.870000E+24
Mpp:           -1.080000E+25
Mrt:           -5.090000E+24
Mrp:            3.520000E+24
Mtp:           -2.130000E+25
