 PDE 2006 02 14 15 27 23.30   20.8200  146.1800  40.0 6.2 6.1 MARIANA ISLANDS REGION
event name:   C200602141527A
time shift:           4.6000
half duration:        3.3000
latitude:            20.9200
longitude:          146.3500
depth:               41.2000
Mrr:           -8.550000E+24
Mtt:            1.890000E+25
Mpp:           -1.030000E+25
Mrt:           -2.090000E+25
Mrp:            1.480000E+25
Mtp:           -8.800000E+23
