 PDE 2008 02 04 17 01 31.00  -20.1700  -70.0400  43.5 6.3 6.3 NEAR COAST OF NORTHERN CHILE
event name:   C200802041701A
time shift:           5.3000
half duration:        3.6000
latitude:           -20.2700
longitude:          -70.7600
depth:               46.1000
Mrr:            2.860000E+25
Mtt:            4.370000E+24
Mpp:           -3.300000E+25
Mrt:            9.290000E+24
Mrp:           -2.290000E+25
Mtp:            6.490000E+24
