 PDE 2008 12 30 19 49 52.60   -4.3000  101.2200  20.0 5.9 5.9 SOUTHERN SUMATRA, INDONESIA
event name:   C200812301949A
time shift:           4.0000
half duration:        2.3000
latitude:            -4.6300
longitude:          100.8900
depth:               23.4000
Mrr:            5.350000E+24
Mtt:           -2.800000E+24
Mpp:           -2.550000E+24
Mrt:            6.830000E+24
Mrp:           -3.400000E+24
Mtp:            3.330000E+24
