 PDE 2009 02 18 21 53 45.20  -27.4200 -176.3300  25.0 7.0 7.2 KERMADEC ISLANDS REGION
event name:   C200902182153A
time shift:           4.9000
half duration:        7.4000
latitude:           -27.2700
longitude:         -175.9000
depth:               36.5000
Mrr:            1.300000E+24
Mtt:           -4.830000E+25
Mpp:            4.700000E+25
Mrt:           -5.100000E+24
Mrp:            2.750000E+26
Mtp:           -2.090000E+26
