 PDE 2006 06 24 21 15 00.90   -0.3900  123.1900  26.0 6.3 6.3 MINAHASSA PENINSULA, SULAWESI
event name:   C200606242115A
time shift:           4.5000
half duration:        3.5000
latitude:            -0.4800
longitude:          123.3000
depth:               31.6000
Mrr:            1.470000E+25
Mtt:            9.860000E+24
Mpp:           -2.460000E+25
Mrt:            2.830000E+25
Mrp:           -8.400000E+24
Mtp:           -1.210000E+25
