 PDE 2009 08 30 14 51 32.90  -15.2200 -172.5700  11.0 6.6 6.6 SAMOA ISLANDS REGION
event name:   C200908301451A
time shift:           7.6000
half duration:        4.9000
latitude:           -15.1200
longitude:         -172.2800
depth:               18.3000
Mrr:           -9.230000E+25
Mtt:            7.640000E+25
Mpp:            1.590000E+25
Mrt:            9.300000E+24
Mrp:           -1.230000E+25
Mtp:           -5.640000E+25
