 PDE 2005 04 11 17 08 53.90  -21.9800  170.6100  68.0 6.7 0.0 SOUTHEAST OF LOYALTY ISLANDS
event name:   C200504111708A
time shift:           5.4000
half duration:        5.6000
latitude:           -22.0100
longitude:          170.5000
depth:               78.3000
Mrr:           -6.910000E+25
Mtt:           -2.370000E+25
Mpp:            9.280000E+25
Mrt:            8.910000E+25
Mrp:            4.490000E+25
Mtp:            7.350000E+25
