 PDE 2006 07 07 07 26 12.50  -15.2400 -173.6100  35.0 6.0 6.0 TONGA ISLANDS
event name:   C200607070726A
time shift:           5.6000
half duration:        2.5000
latitude:           -15.2400
longitude:         -173.4400
depth:               53.4000
Mrr:           -1.790000E+24
Mtt:            2.910000E+24
Mpp:           -1.120000E+24
Mrt:           -1.290000E+25
Mrp:            1.840000E+24
Mtp:            7.600000E+23
