 PDE 2005 12 23 21 47 28.00   -1.3900  -77.5200 192.9 6.1 0.0 ECUADOR
event name:   C200512232147A
time shift:           3.2000
half duration:        2.8000
latitude:            -1.5900
longitude:          -77.7600
depth:              196.8000
Mrr:           -1.070000E+25
Mtt:            6.520000E+24
Mpp:            4.160000E+24
Mrt:            9.160000E+24
Mrp:           -1.060000E+25
Mtp:           -8.660000E+24
