 PDE 2007 09 07 04 46 45.20  -56.0800 -123.3100  10.0 5.9 5.9 SOUTHERN EAST PACIFIC RISE
event name:   C200709070446A
time shift:          10.4000
half duration:        2.3000
latitude:           -55.9200
longitude:         -123.7300
depth:               23.2000
Mrr:           -8.100000E+23
Mtt:            6.030000E+24
Mpp:           -5.220000E+24
Mrt:           -7.900000E+23
Mrp:           -4.800000E+23
Mtp:            8.660000E+24
