 PDE 2008 06 15 08 37 17.20  -36.6200 -107.4500  10.0 6.0 6.0 SOUTHERN EAST PACIFIC RISE
event name:   C200806150837A
time shift:           6.4000
half duration:        2.5000
latitude:           -36.6200
longitude:         -107.6700
depth:               22.4000
Mrr:           -5.500000E+23
Mtt:            5.900000E+24
Mpp:           -5.350000E+24
Mrt:            1.260000E+24
Mrp:           -1.670000E+24
Mtp:           -1.170000E+25
