 PDE 2009 04 06 01 32 39.00   42.3300   13.3300   8.8 6.3 6.3 CENTRAL ITALY
event name:   C200904060132A
time shift:          10.2000
half duration:        3.5000
latitude:            42.2900
longitude:           13.3500
depth:               12.0000
Mrr:           -3.300000E+25
Mtt:            1.430000E+25
Mpp:            1.870000E+25
Mrt:           -1.430000E+25
Mrp:           -2.690000E+24
Mtp:           -1.770000E+25
