 PDE 2008 11 22 16 01 01.70   -4.3500  101.2600  24.0 6.3 6.4 SOUTHERN SUMATRA, INDONESIA
event name:   C200811221600A
time shift:           5.0000
half duration:        4.3000
latitude:            -4.7300
longitude:          101.0700
depth:               20.0000
Mrr:            2.070000E+25
Mtt:           -1.060000E+25
Mpp:           -1.010000E+25
Mrt:            2.920000E+25
Mrp:           -1.410000E+25
Mtp:            1.320000E+25
