 PDE 2006 06 27 02 39 35.30   52.2100  176.1800  33.6 6.2 6.2 RAT ISLANDS, ALEUTIAN ISLANDS
event name:   C200606270239A
time shift:           4.0000
half duration:        3.2000
latitude:            52.1900
longitude:          176.1800
depth:               18.2000
Mrr:           -9.900000E+23
Mtt:           -2.280000E+25
Mpp:            2.380000E+25
Mrt:            4.100000E+23
Mrp:           -7.210000E+24
Mtp:           -1.360000E+25
