 PDE 2005 06 03 00 42 01.90    1.4600   97.1500  24.9 5.8 5.7 NORTHERN SUMATRA, INDONESIA
event name:   C200506030042A
time shift:           2.8000
half duration:        2.2000
latitude:             1.2100
longitude:           96.9600
depth:               12.0000
Mrr:            2.010000E+24
Mtt:           -5.030000E+23
Mpp:           -1.510000E+24
Mrt:            4.230000E+24
Mrp:           -4.340000E+24
Mtp:            1.360000E+24
