 PDE 2006 01 04 08 32 32.40   28.1600 -112.1200  14.0 6.6 6.7 GULF OF CALIFORNIA
event name:   C200601040832A
time shift:           4.9000
half duration:        4.8000
latitude:            28.3800
longitude:         -112.5100
depth:               15.0000
Mrr:           -3.000000E+24
Mtt:           -9.250000E+25
Mpp:            9.550000E+25
Mrt:           -1.000000E+23
Mrp:           -4.400000E+24
Mtp:           -2.020000E+25
