 PDE 2006 09 30 17 50 23.00   46.3500  153.1700  11.0 6.6 6.6 KURIL ISLANDS
event name:   C200609301750A
time shift:           7.4000
half duration:        4.7000
latitude:            46.2900
longitude:          153.4500
depth:               12.8000
Mrr:            6.690000E+25
Mtt:           -2.860000E+25
Mpp:           -3.830000E+25
Mrt:            2.490000E+25
Mrp:            4.530000E+25
Mtp:           -4.170000E+25
