 PDE 2009 08 20 06 35 04.40   72.2000    0.9400   6.0 6.0 6.0 NORWEGIAN SEA
event name:   C200908200635A
time shift:           2.4000
half duration:        2.4000
latitude:            72.2200
longitude:            0.8400
depth:               12.0000
Mrr:           -9.690000E+24
Mtt:            3.820000E+24
Mpp:            5.860000E+24
Mrt:            1.500000E+23
Mrp:           -3.830000E+24
Mtp:            8.110000E+24
