 PDE 2005 01 18 14 09 06.20   42.9500  144.8700  42.0 6.2 5.7 HOKKAIDO, JAPAN REGION
event name:   C200501181409A
time shift:           3.8000
half duration:        3.0000
latitude:            42.8000
longitude:          145.0600
depth:               53.0000
Mrr:            1.690000E+25
Mtt:           -8.210000E+24
Mpp:           -8.690000E+24
Mrt:            4.200000E+24
Mrp:            1.320000E+25
Mtp:           -1.290000E+25
