 PDE 2007 08 15 20 22 11.10   50.3200 -177.5500   9.0 6.5 6.4 ANDREANOF ISLANDS, ALEUTIAN IS.
event name:   C200708152022A
time shift:           5.7000
half duration:        4.2000
latitude:            50.2800
longitude:         -177.6900
depth:               12.0000
Mrr:           -5.870000E+25
Mtt:            6.400000E+25
Mpp:           -5.310000E+24
Mrt:           -1.130000E+25
Mrp:            4.620000E+24
Mtp:            1.460000E+24
