 PDE 2007 05 12 11 31 03.00   -5.4600  146.1100  43.6 5.9 5.9 EASTERN NEW GUINEA REG., P.N.G.
event name:   C200705121131A
time shift:           8.4000
half duration:        2.1000
latitude:            -5.5500
longitude:          146.2100
depth:               59.9000
Mrr:            7.870000E+24
Mtt:           -7.210000E+24
Mpp:           -6.600000E+23
Mrt:           -5.900000E+23
Mrp:            1.300000E+23
Mtp:            3.550000E+24
