 PDE 2009 01 26 19 11 47.00   51.9600 -171.1600  25.3 5.8 5.9 FOX ISLANDS, ALEUTIAN ISLANDS
event name:   C200901261911A
time shift:           3.8000
half duration:        2.1000
latitude:            51.9000
longitude:         -171.1200
depth:               33.6000
Mrr:            4.820000E+24
Mtt:           -3.210000E+24
Mpp:           -1.610000E+24
Mrt:            2.520000E+24
Mrp:            4.360000E+24
Mtp:           -3.520000E+24
