 PDE 2008 07 25 00 29 23.00   51.2800  178.9800  21.0 5.9 5.9 RAT ISLANDS, ALEUTIAN ISLANDS
event name:   C200807250029A
time shift:           3.6000
half duration:        2.1000
latitude:            51.1200
longitude:          178.9500
depth:               22.3000
Mrr:            5.720000E+24
Mtt:           -5.970000E+24
Mpp:            2.510000E+23
Mrt:            4.610000E+24
Mrp:            1.900000E+24
Mtp:           -1.240000E+24
