 PDE 2008 09 08 18 52 07.00  -13.5000  166.9700 110.0 6.9 6.9 VANUATU ISLANDS
event name:   C200809081852A
time shift:           7.4000
half duration:        7.1000
latitude:           -13.3700
longitude:          166.7500
depth:              125.0000
Mrr:            3.210000E+26
Mtt:           -4.230000E+25
Mpp:           -2.790000E+26
Mrt:           -1.570000E+25
Mrp:           -5.940000E+25
Mtp:           -9.800000E+24
