 PDE 2007 04 16 13 20 38.20  -58.0100  147.9600  10.0 6.4 6.4 WEST OF MACQUARIE ISLAND
event name:   C200704161320A
time shift:           7.3000
half duration:        3.7000
latitude:           -57.8900
longitude:          148.1300
depth:               12.0000
Mrr:           -2.640000E+24
Mtt:            2.370000E+25
Mpp:           -2.100000E+25
Mrt:            1.630000E+24
Mrp:            2.470000E+24
Mtp:           -3.740000E+25
