 PDE 2007 09 14 06 01 32.30   -4.0700  101.1700  23.0 6.4 6.3 SOUTHERN SUMATRA, INDONESIA
event name:   C200709140601A
time shift:           3.7000
half duration:        4.4000
latitude:            -4.4600
longitude:          100.8800
depth:               15.0000
Mrr:            1.180000E+25
Mtt:           -6.160000E+24
Mpp:           -5.600000E+24
Mrt:            3.550000E+25
Mrp:           -2.140000E+25
Mtp:            8.180000E+24
