 PDE 2007 08 17 03 04 03.10   -5.2600  129.4300  10.0 6.4 6.4 BANDA SEA
event name:   C200708170304A
time shift:           6.5000
half duration:        4.0000
latitude:            -5.2400
longitude:          129.4500
depth:               21.0000
Mrr:            2.500000E+24
Mtt:           -3.550000E+25
Mpp:            3.300000E+25
Mrt:            3.830000E+24
Mrp:            1.010000E+25
Mtp:            4.270000E+25
