 PDE 2005 01 21 17 54 34.90    5.1900  125.2500 175.4 5.8 0.0 MINDANAO, PHILIPPINES
event name:   C200501211754A
time shift:           1.9000
half duration:        2.0000
latitude:             5.1400
longitude:          125.4900
depth:              178.7000
Mrr:           -3.270000E+24
Mtt:           -5.460000E+23
Mpp:            3.820000E+24
Mrt:            2.880000E+24
Mrp:           -5.190000E+24
Mtp:            4.560000E+23
