 PDE 2008 05 02 01 33 37.20   51.8600 -177.5300  14.0 6.6 6.8 ANDREANOF ISLANDS, ALEUTIAN IS.
event name:   C200805020133A
time shift:           2.4000
half duration:        4.8000
latitude:            51.9600
longitude:         -177.5400
depth:               12.0000
Mrr:           -2.900000E+24
Mtt:            3.360000E+25
Mpp:           -3.070000E+25
Mrt:            1.340000E+25
Mrp:           -2.500000E+25
Mtp:           -8.700000E+25
