 PDE 2006 01 08 11 34 55.60   36.3100   23.2100  66.0 6.7 0.0 SOUTHERN GREECE
event name:   C200601081134A
time shift:           4.7000
half duration:        5.6000
latitude:            35.9300
longitude:           23.2900
depth:               64.0000
Mrr:            1.130000E+26
Mtt:           -5.410000E+25
Mpp:           -5.910000E+25
Mrt:            4.470000E+25
Mrp:           -2.400000E+24
Mtp:           -1.120000E+26
