 PDE 2009 11 24 12 47 15.70  -20.7100 -174.0400  18.0 6.7 6.8 TONGA ISLANDS
event name:   C200911241247A
time shift:           6.2000
half duration:        5.8000
latitude:           -20.8500
longitude:         -173.5500
depth:               25.9000
Mrr:           -6.800000E+24
Mtt:            4.390000E+25
Mpp:           -3.710000E+25
Mrt:            1.450000E+25
Mrp:            1.110000E+26
Mtp:            1.140000E+26
