 PDE 2008 09 06 05 47 39.90   36.4900   70.9300 191.5 5.8 5.8 HINDU KUSH REGION, AFGHANISTAN
event name:   C200809060547A
time shift:           1.2000
half duration:        2.0000
latitude:            36.4900
longitude:           70.7800
depth:              183.0000
Mrr:            4.250000E+24
Mtt:           -3.840000E+24
Mpp:           -4.140000E+23
Mrt:           -5.300000E+24
Mrp:           -2.140000E+24
Mtp:           -7.580000E+23
