 PDE 2008 04 15 22 59 51.30   51.8500 -179.3600  10.0 6.5 6.4 ANDREANOF ISLANDS, ALEUTIAN IS.
event name:   C200804152259A
time shift:           4.9000
half duration:        4.1000
latitude:            51.7800
longitude:         -179.2900
depth:               12.0000
Mrr:           -2.270000E+24
Mtt:            1.710000E+25
Mpp:           -1.490000E+25
Mrt:            9.330000E+24
Mrp:           -1.570000E+25
Mtp:           -5.390000E+25
