 PDE 2008 08 05 09 49 17.30   32.7600  105.4900   6.0 6.0 6.0 SICHUAN, CHINA
event name:   C200808050949A
time shift:           3.1000
half duration:        2.3000
latitude:            32.6900
longitude:          105.5700
depth:               12.0000
Mrr:            1.090000E+25
Mtt:           -1.250000E+24
Mpp:           -9.670000E+24
Mrt:            1.810000E+24
Mrp:            1.200000E+23
Mtp:            3.690000E+24
