 PDE 2006 11 14 14 21 02.10   -6.4200  127.9800 352.2 6.1 6.1 BANDA SEA
event name:   C200611141421A
time shift:           2.3000
half duration:        2.7000
latitude:            -6.3400
longitude:          127.9900
depth:              352.8000
Mrr:            7.580000E+24
Mtt:           -7.070000E+24
Mpp:           -5.200000E+23
Mrt:           -1.350000E+25
Mrp:            2.700000E+24
Mtp:            8.000000E+24
