 PDE 2007 10 06 12 38 51.30   18.7300  147.1400  35.0 6.1 6.1 MARIANA ISLANDS REGION
event name:   C200710061238A
time shift:           3.8000
half duration:        2.6000
latitude:            18.8400
longitude:          147.4500
depth:               35.5000
Mrr:            2.010000E+24
Mtt:           -3.480000E+24
Mpp:            1.460000E+24
Mrt:           -1.600000E+23
Mrp:            1.050000E+25
Mtp:           -1.110000E+25
