 PDE 2006 03 31 21 14 47.20    3.7900  126.3700  54.6 6.1 5.8 TALAUD ISLANDS, INDONESIA
event name:   C200603312114A
time shift:           3.7000
half duration:        2.8000
latitude:             4.0700
longitude:          126.5700
depth:               50.5000
Mrr:           -8.780000E+24
Mtt:            1.450000E+25
Mpp:           -5.740000E+24
Mrt:            7.260000E+24
Mrp:           -5.630000E+24
Mtp:            9.700000E+24
