 PDE 2006 06 14 04 46 42.40   51.9500  177.1300  29.1 6.0 5.9 RAT ISLANDS, ALEUTIAN ISLANDS
event name:   C200606140446A
time shift:           0.8000
half duration:        2.3000
latitude:            51.9700
longitude:          177.1300
depth:               15.4000
Mrr:           -3.550000E+24
Mtt:           -5.330000E+24
Mpp:            8.880000E+24
Mrt:            3.280000E+24
Mrp:            3.970000E+24
Mtp:           -5.190000E+24
