 PDE 2009 12 08 03 08 57.20   -9.9500   33.8800   8.0 5.9 5.9 TANZANIA
event name:   C200912080308A
time shift:           4.2000
half duration:        2.3000
latitude:            -9.8900
longitude:           33.8900
depth:               12.0000
Mrr:           -8.950000E+24
Mtt:           -2.100000E+23
Mpp:            9.160000E+24
Mrt:            2.060000E+24
Mrp:           -2.890000E+24
Mtp:           -2.880000E+24
