 PDE 2006 05 06 18 26 50.50  -38.6200   78.5700  10.0 5.9 6.0 MID-INDIAN RIDGE
event name:   C200605061826B
time shift:           5.0000
half duration:        2.2000
latitude:           -38.5100
longitude:           78.4000
depth:               12.0000
Mrr:           -1.480000E+24
Mtt:           -8.440000E+24
Mpp:            9.920000E+24
Mrt:            2.820000E+24
Mrp:            3.400000E+23
Mtp:           -1.440000E+24
