 PDE 2009 07 03 11 00 14.60   25.1300 -109.7500  10.0 5.9 6.0 GULF OF CALIFORNIA
event name:   C200907031100A
time shift:           3.2000
half duration:        2.2000
latitude:            25.2000
longitude:         -109.8700
depth:               14.4000
Mrr:            6.500000E+23
Mtt:           -9.760000E+24
Mpp:            9.110000E+24
Mrt:           -4.100000E+23
Mrp:            2.300000E+23
Mtp:            4.500000E+23
