 PDE 2006 08 15 23 53 47.20  -21.1900 -176.2500 158.0 6.1 6.1 FIJI ISLANDS REGION
event name:   C200608152353A
time shift:           4.0000
half duration:        2.8000
latitude:           -21.1800
longitude:         -175.7000
depth:              162.5000
Mrr:            5.500000E+23
Mtt:            2.070000E+24
Mpp:           -2.620000E+24
Mrt:           -2.760000E+24
Mrp:           -1.740000E+25
Mtp:            6.290000E+24
