 PDE 2009 06 12 09 44 15.10  -17.6100  167.8100  15.0 6.0 6.0 VANUATU ISLANDS
event name:   C200906120944A
time shift:           6.3000
half duration:        2.3000
latitude:           -17.5200
longitude:          167.6300
depth:               19.5000
Mrr:            8.520000E+24
Mtt:            1.400000E+23
Mpp:           -8.660000E+24
Mrt:            2.690000E+24
Mrp:           -6.110000E+24
Mtp:            1.480000E+24
