 PDE 2007 06 24 00 25 18.40  -55.6500   -2.6300  10.0 6.5 6.5 SOUTHERN MID-ATLANTIC RIDGE
event name:   C200706240025A
time shift:          10.2000
half duration:        4.3000
latitude:           -55.7800
longitude:           -1.7200
depth:               15.0000
Mrr:           -4.560000E+24
Mtt:           -1.560000E+25
Mpp:            2.020000E+25
Mrt:            2.310000E+25
Mrp:           -1.710000E+25
Mtp:            5.820000E+25
