 PDE 2008 03 03 02 37 27.10   -2.1800   99.8200  25.0 6.2 6.1 SOUTHERN SUMATRA, INDONESIA
event name:   C200803030237A
time shift:           4.8000
half duration:        3.2000
latitude:            -2.4200
longitude:           99.6800
depth:               23.0000
Mrr:            1.040000E+25
Mtt:           -6.500000E+24
Mpp:           -3.920000E+24
Mrt:            1.660000E+25
Mrp:           -8.280000E+24
Mtp:            6.430000E+24
