 PDE 2009 08 16 07 38 21.70   -1.4800   99.4900  20.0 6.7 6.7 SOUTHERN SUMATRA, INDONESIA
event name:   C200908160738A
time shift:           6.9000
half duration:        5.2000
latitude:            -1.5600
longitude:           99.4500
depth:               12.0000
Mrr:            1.100000E+26
Mtt:           -1.640000E+25
Mpp:           -9.370000E+25
Mrt:           -2.200000E+25
Mrp:            5.170000E+25
Mtp:            3.360000E+25
