 PDE 2005 06 13 07 02 33.10    2.0900  126.5700  10.0 5.9 5.3 NORTHERN MOLUCCA SEA
event name:   C200506130702A
time shift:           9.3000
half duration:        2.3000
latitude:             2.2600
longitude:          126.5800
depth:               41.0000
Mrr:            9.290000E+24
Mtt:           -1.010000E+24
Mpp:           -8.290000E+24
Mrt:           -8.100000E+23
Mrp:           -2.280000E+24
Mtp:           -4.420000E+24
