 PDE 2008 11 01 01 13 09.60   -3.4000  148.7100  10.0 6.0 6.0 BISMARCK SEA
event name:   C200811010113A
time shift:           5.3000
half duration:        2.4000
latitude:            -3.3100
longitude:          148.8900
depth:               12.4000
Mrr:           -5.000000E+23
Mtt:            7.900000E+24
Mpp:           -7.400000E+24
Mrt:           -1.130000E+24
Mrp:           -1.000000E+22
Mtp:            8.540000E+24
