 PDE 2006 02 18 15 53 34.60  -16.8000  167.2100  22.0 5.9 0.0 VANUATU ISLANDS
event name:   C200602181553A
time shift:           3.4000
half duration:        2.2000
latitude:           -16.7500
longitude:          167.1100
depth:               20.0000
Mrr:           -1.150000E+24
Mtt:            1.410000E+24
Mpp:           -2.600000E+23
Mrt:            1.110000E+24
Mrp:           -2.280000E+24
Mtp:            9.590000E+24
