 PDE 2009 09 21 08 53 05.90   27.3300   91.4400  14.0 6.1 6.1 BHUTAN
event name:   C200909210853A
time shift:           4.5000
half duration:        2.8000
latitude:            27.2000
longitude:           91.6300
depth:               12.0000
Mrr:            3.290000E+24
Mtt:           -4.480000E+24
Mpp:            1.190000E+24
Mrt:            1.800000E+25
Mrp:           -2.150000E+24
Mtp:            8.300000E+23
