 PDE 2009 02 22 17 45 22.40    3.6800  126.5600  32.0 6.0 6.0 TALAUD ISLANDS, INDONESIA
event name:   C200902221745A
time shift:           4.0000
half duration:        2.4000
latitude:             3.7500
longitude:          126.6900
depth:               32.9000
Mrr:            9.120000E+24
Mtt:            2.930000E+24
Mpp:           -1.210000E+25
Mrt:           -3.390000E+24
Mrp:            5.800000E+23
Mtp:            6.400000E+23
