 PDE 2008 07 08 09 13 07.50  -15.9900  -71.7500 123.0 6.2 6.2 SOUTHERN PERU
event name:   C200807080913A
time shift:           2.5000
half duration:        3.1000
latitude:           -16.2600
longitude:          -72.0000
depth:              125.7000
Mrr:           -1.080000E+25
Mtt:            3.670000E+24
Mpp:            7.160000E+24
Mrt:            1.510000E+25
Mrp:           -3.510000E+24
Mtp:           -1.930000E+25
