 PDE 2008 08 27 01 35 32.20   51.6100  104.1600  16.0 6.3 6.2 LAKE BAYKAL REGION, RUSSIA
event name:   C200808270135A
time shift:           6.4000
half duration:        3.4000
latitude:            51.7600
longitude:          104.0200
depth:               23.5000
Mrr:           -2.020000E+25
Mtt:            2.950000E+25
Mpp:           -9.310000E+24
Mrt:           -1.180000E+25
Mrp:            1.260000E+25
Mtp:            1.350000E+25
