 PDE 2005 04 11 12 20 06.00   -3.4800  145.9100  11.4 6.6 6.7 NEAR N COAST OF NEW GUINEA, PNG.
event name:   C200504111220A
time shift:           7.5000
half duration:        5.0000
latitude:            -3.3300
longitude:          146.1800
depth:               14.0000
Mrr:           -5.300000E+24
Mtt:           -8.300000E+24
Mpp:            1.360000E+25
Mrt:            3.100000E+24
Mrp:           -2.300000E+25
Mtp:            1.070000E+26
