 PDE 2007 12 15 09 39 52.90   -6.6100  131.0900  50.7 6.4 6.4 TANIMBAR ISLANDS REG., INDONESIA
event name:   C200712150939A
time shift:           4.0000
half duration:        3.9000
latitude:            -6.5900
longitude:          131.1400
depth:               76.7000
Mrr:            1.930000E+25
Mtt:           -4.620000E+25
Mpp:            2.680000E+25
Mrt:           -2.890000E+24
Mrp:            1.930000E+25
Mtp:            2.360000E+25
