 PDE 2009 10 24 14 40 43.70   -6.1300  130.3800 130.0 6.9 6.9 BANDA SEA
event name:   C200910241440A
time shift:           7.8000
half duration:        7.0000
latitude:            -6.1000
longitude:          130.5700
depth:              154.6000
Mrr:            5.260000E+25
Mtt:           -2.100000E+26
Mpp:            1.580000E+26
Mrt:            1.080000E+26
Mrp:            2.050000E+26
Mtp:            6.070000E+25
