 PDE 2006 11 24 12 31 09.40   -6.0000  150.4800  23.3 5.9 5.9 NEW BRITAIN REGION, P.N.G.
event name:   C200611241231A
time shift:           6.3000
half duration:        2.2000
latitude:            -6.4300
longitude:          150.6200
depth:               31.8000
Mrr:            7.180000E+24
Mtt:           -8.540000E+24
Mpp:            1.360000E+24
Mrt:            5.040000E+24
Mrp:            1.800000E+23
Mtp:           -9.600000E+23
