 PDE 2008 12 25 03 20 29.90    5.7600  125.3700 211.2 6.3 6.3 MINDANAO, PHILIPPINES
event name:   C200812250320A
time shift:           0.3000
half duration:        3.4000
latitude:             5.7400
longitude:          125.6600
depth:              198.3000
Mrr:            1.450000E+25
Mtt:           -3.260000E+24
Mpp:           -1.120000E+25
Mrt:           -3.760000E+24
Mrp:            3.120000E+25
Mtp:           -7.130000E+24
