 PDE 2007 02 14 01 29 07.20  -29.5900 -112.0500  10.0 5.9 5.9 EASTER ISLAND REGION
event name:   C200702140129A
time shift:           5.2000
half duration:        2.2000
latitude:           -29.7400
longitude:         -112.1700
depth:               17.1000
Mrr:           -7.600000E+23
Mtt:           -8.020000E+24
Mpp:            8.780000E+24
Mrt:           -2.660000E+24
Mrp:           -7.200000E+23
Mtp:           -2.880000E+24
