 PDE 2008 11 07 16 04 23.40   -6.7100  129.0700  10.0 6.2 6.2 BANDA SEA
event name:   C200811071604A
time shift:           5.2000
half duration:        3.0000
latitude:            -6.6200
longitude:          129.2400
depth:               20.5000
Mrr:            1.870000E+24
Mtt:           -2.340000E+25
Mpp:            2.160000E+25
Mrt:           -1.660000E+24
Mrp:            3.700000E+24
Mtp:            2.870000E+24
