 PDE 2008 06 26 21 19 15.60  -20.7700 -173.3400  38.0 6.1 6.2 TONGA ISLANDS
event name:   C200806262119A
time shift:           2.9000
half duration:        2.6000
latitude:           -21.0300
longitude:         -172.9400
depth:               57.4000
Mrr:            1.240000E+25
Mtt:            2.050000E+24
Mpp:           -1.440000E+25
Mrt:            3.770000E+24
Mrp:           -7.340000E+24
Mtp:           -1.050000E+24
