 PDE 2009 11 13 03 05 57.20  -19.3900  -70.3200  27.0 6.5 6.5 NEAR COAST OF NORTHERN CHILE
event name:   C200911130306A
time shift:           7.7000
half duration:        4.4000
latitude:           -19.6000
longitude:          -71.0100
depth:               36.2000
Mrr:            5.280000E+25
Mtt:           -1.200000E+24
Mpp:           -5.160000E+25
Mrt:            1.780000E+25
Mrp:           -4.820000E+25
Mtp:            2.000000E+25
