 PDE 2005 04 10 11 14 19.60   -1.7100   99.7800  30.0 6.5 6.3 SOUTHERN SUMATRA, INDONESIA
event name:   C200504101114A
time shift:           4.4000
half duration:        4.2000
latitude:            -1.7700
longitude:           99.6400
depth:               15.0000
Mrr:            6.030000E+25
Mtt:           -6.870000E+25
Mpp:            8.380000E+24
Mrt:           -3.650000E+24
Mrp:            1.120000E+25
Mtp:            1.640000E+25
