 PDE 2007 12 25 14 04 34.70   38.5000  142.0300  48.4 6.1 6.1 NEAR EAST COAST OF HONSHU, JAPAN
event name:   C200712251404A
time shift:           3.6000
half duration:        2.6000
latitude:            38.4000
longitude:          142.3900
depth:               44.2000
Mrr:            1.080000E+25
Mtt:            2.000000E+22
Mpp:           -1.080000E+25
Mrt:            4.630000E+24
Mrp:            9.610000E+24
Mtp:           -4.080000E+24
