 PDE 2005 06 08 06 28 10.90    2.1700   96.7200  23.5 6.0 5.7 NORTHERN SUMATRA, INDONESIA
event name:   C200506080628A
time shift:           3.3000
half duration:        2.7000
latitude:             1.8600
longitude:           96.4600
depth:               24.0000
Mrr:            7.560000E+24
Mtt:           -4.340000E+24
Mpp:           -3.230000E+24
Mrt:            7.220000E+24
Mrp:           -7.130000E+24
Mtp:            4.560000E+24
