 PDE 2005 10 15 10 06 17.00   46.8200  154.1100  42.8 6.1 5.7 EAST OF KURIL ISLANDS
event name:   C200510151006A
time shift:           5.2000
half duration:        2.7000
latitude:            46.8500
longitude:          154.3300
depth:               46.0000
Mrr:            1.080000E+25
Mtt:           -9.500000E+23
Mpp:           -9.840000E+24
Mrt:            4.940000E+24
Mrp:            1.310000E+25
Mtp:           -4.670000E+24
