 PDE 2007 03 03 20 08 28.80    0.0100  126.8100  38.5 5.9 5.7 NORTHERN MOLUCCA SEA
event name:   C200703032008A
time shift:           4.2000
half duration:        2.3000
latitude:             0.0600
longitude:          126.9000
depth:               22.5000
Mrr:            1.500000E+24
Mtt:           -1.290000E+23
Mpp:           -1.370000E+24
Mrt:            3.470000E+23
Mrp:           -8.260000E+24
Mtp:            3.350000E+23
