 PDE 2005 01 01 06 25 44.80    5.1000   92.3000  11.7 6.7 6.7 OFF W COAST OF NORTHERN SUMATRA
event name:   C200501010625A
time shift:           3.5000
half duration:        5.2000
latitude:             4.9700
longitude:           92.2200
depth:               12.0000
Mrr:           -5.200000E+24
Mtt:           -6.690000E+25
Mpp:            7.210000E+25
Mrt:           -2.870000E+25
Mrp:           -3.780000E+25
Mtp:           -8.540000E+25
