 PDE 2019 09 25 23 46 43.50   -3.4500  128.3700  12.3 6.5 6.5 SERAM, INDONESIA
event name:   C201909252346A
time shift:           4.9000
half duration:        4.2000
latitude:            -3.5400
longitude:          128.3900
depth:               12.7000
Mrr:           -1.290000E+25
Mtt:           -2.620000E+25
Mpp:            3.910000E+25
Mrt:            1.150000E+25
Mrp:            4.000000E+22
Mtp:            5.260000E+25
