 PDE 2010 12 01 16 01 27.40  -15.8900 -178.9600  15.2 6.0 6.1 FIJI ISLANDS REGION
event name:   C201012011601A
time shift:           4.2000
half duration:        2.4000
latitude:           -15.7700
longitude:         -178.8100
depth:               15.0000
Mrr:            6.500000E+23
Mtt:           -5.370000E+24
Mpp:            4.720000E+24
Mrt:            1.250000E+24
Mrp:           -2.600000E+23
Mtp:            1.090000E+25
