 PDE 2012 04 06 16 15 58.00   -4.5500  153.4600 108.5 6.1 6.1 NEW IRELAND REGION, P.N.G.
event name:   C201204061615A
time shift:           2.7000
half duration:        2.8000
latitude:            -4.6800
longitude:          153.5500
depth:               96.8000
Mrr:            1.660000E+25
Mtt:           -5.350000E+24
Mpp:           -1.130000E+25
Mrt:           -5.580000E+24
Mrp:            6.460000E+24
Mtp:            9.600000E+24
