 PDE 2019 05 12 19 24 50.40    8.6200  -82.8300  19.0 6.1 6.0 PANAMA-COSTA RICA BORDER REGION
event name:   C201905121924A
time shift:           3.7000
half duration:        2.6000
latitude:             8.5200
longitude:          -82.8700
depth:               23.1000
Mrr:            3.200000E+23
Mtt:            2.170000E+24
Mpp:           -2.490000E+24
Mrt:            1.190000E+24
Mrp:            2.020000E+24
Mtp:            1.490000E+25
