 PDE 2018 10 10 22 00 34.50   -4.9600  151.7200 121.0 6.3 6.2 NEW BRITAIN REGION, P.N.G.
event name:   C201810102200A
time shift:           3.1000
half duration:        3.5000
latitude:            -5.0600
longitude:          151.7800
depth:              133.5000
Mrr:            2.380000E+25
Mtt:           -1.900000E+25
Mpp:           -4.740000E+24
Mrt:            2.330000E+25
Mrp:            1.740000E+25
Mtp:           -7.210000E+24
