 PDE 2013 02 07 19 48 18.20  -10.8500  165.7900  10.0 5.8 5.8 SANTA CRUZ ISLANDS
event name:   C201302071948A
time shift:           6.7000
half duration:        1.9000
latitude:           -10.9300
longitude:          165.7100
depth:               15.0000
Mrr:           -1.420000E+24
Mtt:            1.980000E+24
Mpp:           -5.570000E+23
Mrt:           -3.520000E+24
Mrp:            2.260000E+24
Mtp:           -5.260000E+24
