 PDE 2010 07 21 09 16 04.40    3.0400  128.2200 100.0 6.1 6.1 NORTH OF HALMAHERA, INDONESIA
event name:   C201007210916A
time shift:           4.5000
half duration:        2.8000
latitude:             3.0800
longitude:          128.0900
depth:              121.6000
Mrr:            5.060000E+24
Mtt:            1.180000E+25
Mpp:           -1.680000E+25
Mrt:            7.800000E+24
Mrp:            4.760000E+24
Mtp:            5.010000E+24
