 PDE 2010 04 11 22 08 12.80   36.9700   -3.5400 609.8 6.3 6.3 STRAIT OF GIBRALTAR
event name:   C201004112208A
time shift:           2.7000
half duration:        3.6000
latitude:            37.1000
longitude:           -3.6900
depth:              616.5000
Mrr:           -2.160000E+25
Mtt:            5.360000E+24
Mpp:            1.620000E+25
Mrt:            1.300000E+23
Mrp:            3.230000E+25
Mtp:            1.750000E+25
