 PDE 2012 10 30 02 49 02.30   52.3700 -131.9000   9.0 6.2 6.2 QUEEN CHARLOTTE ISLANDS REGION
event name:   C201210300249A
time shift:           5.2000
half duration:        3.1000
latitude:            52.1500
longitude:         -132.1100
depth:               12.0000
Mrr:           -2.400000E+25
Mtt:            1.380000E+25
Mpp:            1.020000E+25
Mrt:            3.530000E+24
Mrp:           -6.060000E+24
Mtp:           -1.340000E+25
