 PDE 2010 08 21 05 42 52.90    2.2200   96.7200  24.0 5.9 6.0 NORTHERN SUMATRA, INDONESIA
event name:   C201008210542A
time shift:           4.1000
half duration:        2.4000
latitude:             2.0100
longitude:           96.4500
depth:               24.0000
Mrr:            5.830000E+24
Mtt:           -2.910000E+24
Mpp:           -2.920000E+24
Mrt:            6.590000E+24
Mrp:           -5.330000E+24
Mtp:            3.000000E+24
