 PDE 2017 11 01 02 23 57.70  -21.6500  168.8600  22.0 6.5 6.6 LOYALTY ISLANDS
event name:   C201711010223A
time shift:           9.8000
half duration:        4.4000
latitude:           -21.6400
longitude:          168.7900
depth:               12.0000
Mrr:           -7.140000E+25
Mtt:            3.040000E+25
Mpp:            4.100000E+25
Mrt:           -1.720000E+25
Mrp:            1.710000E+25
Mtp:           -3.560000E+25
