 PDE 2016 09 10 12 27 33.40   -1.0400   31.6200  40.0 5.9 5.9 LAKE VICTORIA REGION
event name:   C201609101227A
time shift:           0.2000
half duration:        2.1000
latitude:            -1.0500
longitude:           31.4800
depth:               36.5000
Mrr:           -2.440000E+24
Mtt:            6.350000E+24
Mpp:           -3.910000E+24
Mrt:            1.360000E+24
Mrp:           -3.230000E+24
Mtp:            5.120000E+24
