 PDE 2010 05 16 00 33 06.30    0.5100  124.6600 123.0 5.8 5.8 MINAHASSA PENINSULA, SULAWESI
event name:   C201005160033A
time shift:           4.2000
half duration:        1.9000
latitude:             0.4800
longitude:          124.7000
depth:              133.8000
Mrr:           -1.100000E+24
Mtt:            2.410000E+24
Mpp:           -1.310000E+24
Mrt:            4.290000E+24
Mrp:            3.080000E+24
Mtp:           -2.890000E+24
