 PDE 2011 03 09 21 24 49.80   -5.9900  149.7600  29.0 6.3 6.5 NEW BRITAIN REGION, P.N.G.
event name:   C201103092124A
time shift:           6.8000
half duration:        3.6000
latitude:            -6.2600
longitude:          149.7500
depth:               51.0000
Mrr:            3.750000E+25
Mtt:           -3.960000E+25
Mpp:            2.030000E+24
Mrt:            3.910000E+24
Mrp:           -2.100000E+24
Mtp:           -2.810000E+24
