 PDE 2016 09 23 00 14 34.70   34.4600  141.6400  10.0 6.2 6.2 OFF EAST COAST OF HONSHU, JAPAN
event name:   C201609230014A
time shift:           5.1000
half duration:        2.9000
latitude:            34.4700
longitude:          141.7400
depth:               12.0000
Mrr:            1.970000E+25
Mtt:           -1.020000E+24
Mpp:           -1.870000E+25
Mrt:           -9.900000E+23
Mrp:            9.480000E+24
Mtp:            2.970000E+24
