 PDE 2012 10 17 04 42 30.40    4.2300  124.5200 326.0 6.0 6.1 CELEBES SEA
event name:   C201210170442A
time shift:           1.7000
half duration:        2.5000
latitude:             4.2600
longitude:          124.4900
depth:              333.1000
Mrr:           -9.390000E+24
Mtt:           -1.030000E+24
Mpp:            1.040000E+25
Mrt:           -8.440000E+24
Mrp:           -2.140000E+24
Mtp:           -1.620000E+24
