 PDE 2019 03 06 00 13 00.80    8.5400  126.9200  16.0 5.9 5.8 MINDANAO, PHILIPPINES
event name:   C201903060013A
time shift:           4.0000
half duration:        2.1000
latitude:             8.4900
longitude:          127.0500
depth:               18.1000
Mrr:            5.380000E+24
Mtt:            1.980000E+23
Mpp:           -5.580000E+24
Mrt:            5.690000E+23
Mrp:            5.490000E+24
Mtp:            3.500000E+22
