 PDE 2011 10 31 07 16 21.60   52.3700  177.9300 159.0 5.9 5.9 RAT ISLANDS, ALEUTIAN ISLANDS
event name:   C201110310716A
time shift:           2.6000
half duration:        2.2000
latitude:            52.3200
longitude:          177.9000
depth:              152.3000
Mrr:           -2.960000E+24
Mtt:           -4.140000E+24
Mpp:            7.100000E+24
Mrt:            4.370000E+24
Mrp:           -4.310000E+24
Mtp:            7.500000E+23
