 PDE 2011 02 21 10 57 52.40  -26.1400  178.3900 558.1 6.5 6.6 SOUTH OF FIJI ISLANDS
event name:   C201102211057A
time shift:           5.2000
half duration:        4.5000
latitude:           -25.9500
longitude:          178.4700
depth:              567.5000
Mrr:           -2.610000E+25
Mtt:            1.500000E+25
Mpp:            1.110000E+25
Mrt:           -1.950000E+25
Mrp:            6.710000E+25
Mtp:           -2.870000E+25
