 PDE 2011 08 19 05 36 33.00   37.6700  141.6500  47.0 6.3 6.3 NEAR EAST COAST OF HONSHU, JAPAN
event name:   C201108190536A
time shift:           3.0000
half duration:        3.4000
latitude:            37.6900
longitude:          141.7100
depth:               48.5000
Mrr:            3.190000E+25
Mtt:           -7.400000E+23
Mpp:           -3.120000E+25
Mrt:           -1.710000E+24
Mrp:           -1.190000E+25
Mtp:           -6.070000E+24
