 PDE 2017 05 10 07 59 57.40   51.7500 -178.4800  11.0 5.8 5.8 ANDREANOF ISLANDS, ALEUTIAN IS.
event name:   C201705100759A
time shift:           3.2000
half duration:        2.0000
latitude:            51.7600
longitude:         -178.3500
depth:               12.0000
Mrr:           -4.790000E+24
Mtt:            8.760000E+23
Mpp:            3.920000E+24
Mrt:            1.690000E+24
Mrp:            1.020000E+24
Mtp:           -4.420000E+24
