 PDE 2011 03 25 11 36 24.50   38.7700  141.8800  39.0 6.2 6.2 NEAR EAST COAST OF HONSHU, JAPAN
event name:   C201103251136A
time shift:           3.0000
half duration:        3.1000
latitude:            38.7800
longitude:          142.1700
depth:               45.9000
Mrr:            1.880000E+25
Mtt:           -4.300000E+23
Mpp:           -1.830000E+25
Mrt:            8.160000E+24
Mrp:            1.600000E+25
Mtp:           -4.880000E+24
