 PDE 2011 08 21 13 04 08.20   -5.5700  151.0200  40.0 5.8 5.8 NEW BRITAIN REGION, P.N.G.
event name:   C201108211304A
time shift:           6.8000
half duration:        1.9000
latitude:            -5.8900
longitude:          151.0400
depth:               49.4000
Mrr:            5.640000E+24
Mtt:           -6.400000E+24
Mpp:            7.600000E+23
Mrt:            1.550000E+24
Mrp:           -6.220000E+23
Mtp:           -1.370000E+24
