 PDE 2018 10 10 20 48 20.10   -5.7000  151.2100  39.0 7.0 7.0 NEW BRITAIN REGION, P.N.G.
event name:   C201810102048A
time shift:          11.0000
half duration:        7.6000
latitude:            -5.9800
longitude:          151.2000
depth:               39.4000
Mrr:            3.250000E+26
Mtt:           -3.280000E+26
Mpp:            2.600000E+24
Mrt:            1.640000E+26
Mrp:           -1.600000E+25
Mtp:           -1.130000E+26
