 PDE 2010 03 04 14 02 27.50  -13.5700  167.2300 176.0 6.4 6.5 VANUATU ISLANDS
event name:   C201003041402A
time shift:           5.1000
half duration:        4.1000
latitude:           -13.6500
longitude:          167.0000
depth:              185.1000
Mrr:            5.770000E+25
Mtt:           -8.320000E+24
Mpp:           -4.930000E+25
Mrt:           -7.400000E+23
Mrp:           -1.080000E+25
Mtp:            1.850000E+25
