 PDE 2016 01 20 17 13 13.60   37.6700  101.6400   9.0 5.9 5.9 QINGHAI, CHINA
event name:   C201601201713A
time shift:           1.0000
half duration:        2.2000
latitude:            37.6700
longitude:          101.6800
depth:               14.3000
Mrr:            8.720000E+24
Mtt:           -1.660000E+24
Mpp:           -7.060000E+24
Mrt:            2.000000E+23
Mrp:            9.200000E+23
Mtp:            4.430000E+24
