 PDE 2014 11 03 08 48 29.70  -41.7300   79.9600  10.0 6.3 6.3 MID-INDIAN RIDGE
event name:   C201411030848A
time shift:           6.2000
half duration:        3.3000
latitude:           -41.6600
longitude:           79.9700
depth:               12.0000
Mrr:           -1.210000E+24
Mtt:            3.130000E+25
Mpp:           -3.010000E+25
Mrt:            3.190000E+24
Mrp:            1.600000E+23
Mtp:           -5.040000E+24
