 PDE 2016 06 10 03 25 22.90   12.8300  -86.9600  10.0 6.1 6.1 NICARAGUA
event name:   C201606100325A
time shift:           3.7000
half duration:        2.8000
latitude:            12.9200
longitude:          -87.1300
depth:               13.7000
Mrr:           -5.720000E+24
Mtt:           -1.300000E+25
Mpp:            1.870000E+25
Mrt:           -3.960000E+24
Mrp:           -1.740000E+24
Mtp:           -8.130000E+24
