 PDE 2014 09 04 05 33 50.30  -21.3900 -173.3200  35.0 6.0 6.0 TONGA ISLANDS
event name:   C201409040533A
time shift:           2.7000
half duration:        2.5000
latitude:           -21.5300
longitude:         -173.1500
depth:               46.5000
Mrr:            1.210000E+25
Mtt:            7.900000E+23
Mpp:           -1.290000E+25
Mrt:            2.070000E+24
Mrp:           -3.830000E+24
Mtp:           -3.500000E+24
