 PDE 2011 07 24 18 51 24.50   37.7300  141.3900  35.0 6.3 6.3 NEAR EAST COAST OF HONSHU, JAPAN
event name:   C201107241851A
time shift:           5.1000
half duration:        3.5000
latitude:            37.7000
longitude:          141.6600
depth:               47.7000
Mrr:            2.670000E+25
Mtt:           -4.080000E+24
Mpp:           -2.260000E+25
Mrt:            9.520000E+24
Mrp:            2.380000E+25
Mtp:           -8.790000E+24
