 PDE 2010 12 20 18 41 59.00   28.4000   59.1700  12.0 6.5 6.7 SOUTHERN IRAN
event name:   C201012201841A
time shift:           7.3000
half duration:        4.6000
latitude:            28.1000
longitude:           59.1100
depth:               14.8000
Mrr:           -1.000000E+23
Mtt:            7.810000E+25
Mpp:           -7.800000E+25
Mrt:            3.700000E+24
Mrp:           -1.900000E+24
Mtp:            2.660000E+25
