 PDE 2019 08 24 15 51 27.10  -14.3100  167.1900 115.0 6.0 6.0 VANUATU ISLANDS
event name:   C201908241551A
time shift:           4.1000
half duration:        2.6000
latitude:           -14.3200
longitude:          167.0700
depth:              127.2000
Mrr:            1.530000E+24
Mtt:           -2.330000E+24
Mpp:            8.000000E+23
Mrt:           -1.410000E+25
Mrp:           -2.230000E+24
Mtp:           -2.000000E+24
