 PDE 2014 11 16 22 33 20.50  -37.6500  179.6600  22.0 6.7 6.7 OFF E. COAST OF N. ISLAND, N.Z.
event name:   C201411162233A
time shift:           8.4000
half duration:        5.3000
latitude:           -37.5100
longitude:          179.7400
depth:               20.9000
Mrr:           -1.080000E+26
Mtt:            3.040000E+25
Mpp:            7.720000E+25
Mrt:            2.360000E+25
Mrp:            4.480000E+25
Mtp:            7.750000E+25
