 PDE 2011 03 24 08 21 00.10   39.0800  142.0800  27.0 5.9 5.9 NEAR EAST COAST OF HONSHU, JAPAN
event name:   C201103240821A
time shift:           3.2000
half duration:        2.2000
latitude:            39.0800
longitude:          142.3400
depth:               36.8000
Mrr:            5.760000E+24
Mtt:            6.500000E+23
Mpp:           -6.420000E+24
Mrt:            3.080000E+24
Mrp:            6.900000E+24
Mtp:           -6.100000E+23
