 PDE 2016 12 24 01 32 16.00   -5.2400  153.5700  35.0 5.9 6.0 NEW IRELAND REGION, P.N.G.
event name:   C201612240132A
time shift:           4.5000
half duration:        2.2000
latitude:            -5.3600
longitude:          153.4300
depth:               39.1000
Mrr:            8.100000E+24
Mtt:           -4.000000E+24
Mpp:           -4.100000E+24
Mrt:            3.270000E+24
Mrp:           -3.080000E+24
Mtp:            4.720000E+24
