 PDE 2016 06 10 18 29 50.80  -16.4800 -177.2100  10.0 5.8 5.8 FIJI ISLANDS REGION
event name:   C201606101829A
time shift:           8.5000
half duration:        1.9000
latitude:           -16.6500
longitude:         -177.2000
depth:               16.2000
Mrr:           -3.850000E+23
Mtt:           -5.340000E+24
Mpp:            5.730000E+24
Mrt:            1.180000E+24
Mrp:            1.000000E+24
Mtp:            2.490000E+24
