 PDE 2012 02 06 11 33 37.00    9.8200  123.0800  15.0 5.9 5.9 NEGROS, PHILIPPINES
event name:   C201202061133A
time shift:           1.4000
half duration:        2.1000
latitude:             9.9100
longitude:          123.0700
depth:               12.0000
Mrr:            4.590000E+24
Mtt:           -4.900000E+24
Mpp:            3.120000E+23
Mrt:           -2.680000E+24
Mrp:            1.290000E+24
Mtp:           -6.350000E+24
