 PDE 2013 02 06 06 35 19.20  -10.7900  164.5500  10.0 6.1 6.1 SANTA CRUZ ISLANDS REGION
event name:   C201302060635A
time shift:           4.4000
half duration:        2.7000
latitude:           -10.6900
longitude:          164.4300
depth:               12.7000
Mrr:            2.350000E+24
Mtt:            1.340000E+25
Mpp:           -1.570000E+25
Mrt:            2.440000E+24
Mrp:           -5.170000E+24
Mtp:            8.570000E+24
