 PDE 2013 07 26 07 07 15.60  -15.3800  167.6900 124.0 6.1 6.1 VANUATU ISLANDS
event name:   C201307260707A
time shift:           3.5000
half duration:        2.7000
latitude:           -15.3000
longitude:          167.3200
depth:              131.0000
Mrr:            1.390000E+25
Mtt:            1.900000E+24
Mpp:           -1.580000E+25
Mrt:           -5.290000E+24
Mrp:           -2.040000E+24
Mtp:            1.850000E+24
