 PDE 2014 05 01 14 35 37.10    1.9600   97.9700  37.0 5.8 5.9 NORTHERN SUMATRA, INDONESIA
event name:   C201405011435A
time shift:           5.2000
half duration:        2.0000
latitude:             1.8800
longitude:           97.7200
depth:               43.5000
Mrr:            5.280000E+24
Mtt:           -1.640000E+24
Mpp:           -3.640000E+24
Mrt:            4.500000E+24
Mrp:           -2.400000E+24
Mtp:            2.660000E+24
