 PDE 2017 05 08 15 47 29.10   51.0400 -177.0000  17.0 5.9 5.9 ANDREANOF ISLANDS, ALEUTIAN IS.
event name:   C201705081547A
time shift:           3.5000
half duration:        2.2000
latitude:            51.0600
longitude:         -176.8700
depth:               15.6000
Mrr:            5.760000E+24
Mtt:           -5.450000E+24
Mpp:           -3.100000E+23
Mrt:            7.350000E+24
Mrp:            2.280000E+24
Mtp:           -1.730000E+24
