 PDE 2013 02 06 00 07 22.10  -10.8600  165.2500  11.0 6.0 6.1 SANTA CRUZ ISLANDS
event name:   C201302060007A
time shift:           4.5000
half duration:        2.5000
latitude:           -10.9000
longitude:          165.1800
depth:               12.0000
Mrr:            4.390000E+24
Mtt:            7.930000E+24
Mpp:           -1.230000E+25
Mrt:            2.580000E+24
Mrp:           -3.700000E+24
Mtp:            6.980000E+24
