 PDE 2011 11 04 15 43 43.30  -15.0900  167.3800 134.1 5.8 5.8 VANUATU ISLANDS
event name:   C201111041543A
time shift:           1.8000
half duration:        1.9000
latitude:           -15.1600
longitude:          167.3100
depth:              124.8000
Mrr:            5.890000E+24
Mtt:            6.400000E+22
Mpp:           -5.950000E+24
Mrt:           -1.240000E+24
Mrp:           -1.070000E+24
Mtp:           -9.220000E+23
