 PDE 2018 04 02 23 23 17.70   13.1100  -88.6800  50.0 5.9 5.9 EL SALVADOR
event name:   C201804022323A
time shift:           0.8000
half duration:        2.2000
latitude:            12.9600
longitude:          -89.0400
depth:               72.8000
Mrr:           -3.600000E+22
Mtt:            1.270000E+24
Mpp:           -1.230000E+24
Mrt:            6.350000E+24
Mrp:           -6.430000E+24
Mtp:            7.640000E+23
