 PDE 2014 12 07 01 22 02.20   -6.5100  154.4600  23.0 6.6 6.6 SOLOMON ISLANDS
event name:   C201412070122A
time shift:           7.2000
half duration:        4.7000
latitude:            -6.6200
longitude:          154.4100
depth:               17.2000
Mrr:            5.470000E+25
Mtt:           -1.670000E+25
Mpp:           -3.790000E+25
Mrt:            4.680000E+25
Mrp:           -5.590000E+25
Mtp:            2.890000E+25
