 PDE 2015 06 20 02 10 07.10  -36.3600  -73.8100  11.0 6.4 6.4 NEAR COAST OF CENTRAL CHILE
event name:   C201506200210A
time shift:           6.3000
half duration:        3.9000
latitude:           -36.3500
longitude:          -74.1000
depth:               12.0000
Mrr:            2.940000E+25
Mtt:            5.800000E+23
Mpp:           -3.000000E+25
Mrt:           -1.190000E+25
Mrp:           -4.100000E+25
Mtp:           -7.130000E+24
