 PDE 2013 08 21 12 38 29.50   16.8400  -99.5300  21.0 6.2 6.2 NEAR COAST OF GUERRERO, MEXICO
event name:   C201308211238A
time shift:           6.3000
half duration:        3.0000
latitude:            17.0000
longitude:          -99.5400
depth:               23.3000
Mrr:            1.480000E+25
Mtt:           -1.300000E+25
Mpp:           -1.820000E+24
Mrt:            1.380000E+25
Mrp:           -9.570000E+24
Mtp:            4.870000E+24
