 PDE 2010 12 21 14 07 48.30    2.7100   95.8900  21.0 5.8 5.9 OFF W COAST OF NORTHERN SUMATRA
event name:   C201012211407A
time shift:           3.5000
half duration:        2.0000
latitude:             2.4400
longitude:           95.5900
depth:               23.2000
Mrr:            3.700000E+24
Mtt:           -2.040000E+24
Mpp:           -1.660000E+24
Mrt:            4.400000E+24
Mrp:           -4.120000E+24
Mtp:            2.140000E+24
