 PDE 2010 03 04 00 18 51.30   22.9200  120.7900  21.0 6.2 6.3 TAIWAN
event name:   C201003040018A
time shift:           4.1000
half duration:        3.3000
latitude:            22.8600
longitude:          120.5600
depth:               29.1000
Mrr:            1.730000E+25
Mtt:            3.730000E+24
Mpp:           -2.110000E+25
Mrt:           -3.350000E+24
Mrp:           -2.070000E+25
Mtp:            1.020000E+25
