 PDE 2010 12 08 06 47 14.70    7.4900  126.5500  42.0 5.9 5.9 MINDANAO, PHILIPPINES
event name:   C201012080647A
time shift:           3.7000
half duration:        2.2000
latitude:             7.3700
longitude:          126.9300
depth:               42.0000
Mrr:            7.400000E+24
Mtt:            1.260000E+24
Mpp:           -8.660000E+24
Mrt:            2.240000E+24
Mrp:            9.500000E+23
Mtp:           -1.740000E+24
