 PDE 2014 03 15 08 59 21.90  -14.0900  -76.3100  20.0 6.1 6.1 NEAR COAST OF PERU
event name:   C201403150859A
time shift:           4.8000
half duration:        2.9000
latitude:           -14.1000
longitude:          -76.5300
depth:               21.9000
Mrr:            1.180000E+25
Mtt:           -5.300000E+23
Mpp:           -1.130000E+25
Mrt:            2.860000E+24
Mrp:           -1.560000E+25
Mtp:            4.160000E+24
