 PDE 2010 11 10 04 05 24.40  -45.4600   96.3900  10.0 6.5 6.5 SOUTHEAST INDIAN RIDGE
event name:   C201011100405A
time shift:           6.4000
half duration:        4.1000
latitude:           -45.4600
longitude:           96.0700
depth:               12.0000
Mrr:           -4.550000E+24
Mtt:           -5.260000E+25
Mpp:            5.710000E+25
Mrt:           -5.630000E+24
Mrp:            1.170000E+24
Mtp:           -2.120000E+25
