 PDE 2019 07 01 17 13 28.40  -15.4400  167.5300  91.0 6.1 6.0 VANUATU ISLANDS
event name:   C201907011713A
time shift:           4.1000
half duration:        2.6000
latitude:           -15.4600
longitude:          167.3800
depth:              110.7000
Mrr:            9.010000E+24
Mtt:           -7.830000E+24
Mpp:           -1.180000E+24
Mrt:            6.310000E+24
Mrp:           -4.470000E+24
Mtp:           -1.030000E+25
