 PDE 2013 11 23 07 48 32.10  -17.1200 -176.5400 371.0 6.5 6.5 FIJI ISLANDS REGION
event name:   C201311230748A
time shift:           5.8000
half duration:        4.3000
latitude:           -17.0900
longitude:         -176.3800
depth:              386.6000
Mrr:            2.500000E+25
Mtt:           -1.080000E+24
Mpp:           -2.390000E+25
Mrt:           -2.750000E+25
Mrp:           -5.900000E+25
Mtp:           -5.080000E+24
