 PDE 2016 08 21 03 45 23.80  -55.3100  -31.7500  12.0 6.1 6.1 SOUTH GEORGIA ISLAND REGION
event name:   C201608210345A
time shift:           4.7000
half duration:        2.7000
latitude:           -55.2300
longitude:          -31.5900
depth:               23.4000
Mrr:            1.120000E+25
Mtt:           -7.810000E+24
Mpp:           -3.380000E+24
Mrt:           -5.250000E+24
Mrp:            1.120000E+25
Mtp:            8.430000E+24
