 PDE 2011 06 28 06 48 32.70   52.0600 -171.7600  30.0 5.8 5.9 FOX ISLANDS, ALEUTIAN ISLANDS
event name:   C201106280648A
time shift:           2.6000
half duration:        2.0000
latitude:            51.8400
longitude:         -171.8200
depth:               36.2000
Mrr:            3.840000E+24
Mtt:           -3.860000E+24
Mpp:            2.000000E+22
Mrt:            5.640000E+24
Mrp:           -1.080000E+23
Mtp:           -3.690000E+23
