 PDE 2010 03 20 14 00 50.00   -3.3600  152.2400 414.6 6.6 6.6 NEW IRELAND REGION, P.N.G.
event name:   C201003201400A
time shift:           3.5000
half duration:        4.7000
latitude:            -3.3200
longitude:          152.3300
depth:              413.5000
Mrr:           -8.140000E+25
Mtt:            6.460000E+25
Mpp:            1.690000E+25
Mrt:            4.470000E+25
Mrp:            1.600000E+25
Mtp:            2.620000E+25
