 PDE 2015 11 02 08 15 33.50   51.5900 -173.3400  13.0 5.9 5.7 ANDREANOF ISLANDS, ALEUTIAN IS.
event name:   C201511020815A
time shift:           3.4000
half duration:        2.1000
latitude:            51.5500
longitude:         -173.3300
depth:               17.0000
Mrr:            5.490000E+24
Mtt:           -5.300000E+24
Mpp:           -1.890000E+23
Mrt:            4.560000E+24
Mrp:            2.200000E+24
Mtp:           -1.950000E+24
