 PDE 2014 05 01 06 36 35.50  -21.4500  170.3500 106.0 6.6 6.6 SOUTHEAST OF LOYALTY ISLANDS
event name:   C201405010636A
time shift:           6.7000
half duration:        4.9000
latitude:           -21.5200
longitude:          170.1200
depth:              119.5000
Mrr:            7.800000E+24
Mtt:            1.500000E+25
Mpp:           -2.280000E+25
Mrt:            7.790000E+25
Mrp:            3.900000E+24
Mtp:            6.570000E+25
