 PDE 2018 03 08 17 39 51.10   -4.3800  153.2000  22.9 6.8 6.8 NEW IRELAND REGION, P.N.G.
event name:   C201803081739A
time shift:           8.6000
half duration:        5.9000
latitude:            -4.3700
longitude:          153.2600
depth:               33.0000
Mrr:            2.200000E+25
Mtt:            1.480000E+26
Mpp:           -1.700000E+26
Mrt:           -6.410000E+25
Mrp:           -1.400000E+25
Mtp:            4.970000E+25
