 PDE 2015 11 04 03 44 15.20   -8.3400  124.8800  20.0 6.5 6.5 TIMOR REGION
event name:   C201511040344A
time shift:           6.0000
half duration:        4.6000
latitude:            -8.2000
longitude:          124.9500
depth:               12.0000
Mrr:           -2.330000E+25
Mtt:           -2.220000E+25
Mpp:            4.550000E+25
Mrt:           -3.390000E+25
Mrp:           -3.610000E+25
Mtp:           -5.210000E+25
