 PDE 2018 01 28 16 03 04.00  -53.0600    9.6800  10.0 6.5 6.6 SOUTHWEST OF AFRICA
event name:   C201801281603A
time shift:           6.0000
half duration:        4.4000
latitude:           -53.0600
longitude:            9.9500
depth:               12.0000
Mrr:           -3.020000E+25
Mtt:            8.550000E+25
Mpp:           -5.530000E+25
Mrt:            2.090000E+25
Mrp:            8.000000E+24
Mtp:            6.900000E+24
