 PDE 2013 02 07 00 30 10.80  -11.6600  164.9400   8.0 6.0 6.0 SANTA CRUZ ISLANDS REGION
event name:   C201302070030A
time shift:           2.5000
half duration:        2.5000
latitude:           -11.8700
longitude:          165.0500
depth:               12.0000
Mrr:           -1.260000E+25
Mtt:            4.360000E+24
Mpp:            8.280000E+24
Mrt:           -4.190000E+24
Mrp:            1.200000E+23
Mtp:           -6.260000E+24
