 PDE 2017 06 14 07 29 04.70   14.9100  -92.0800  93.0 7.0 6.9 NEAR COAST OF CHIAPAS, MEXICO
event name:   C201706140729A
time shift:           3.2000
half duration:        7.3000
latitude:            14.9200
longitude:          -92.1700
depth:               72.7000
Mrr:           -1.480000E+26
Mtt:            8.450000E+25
Mpp:            6.310000E+25
Mrt:            2.250000E+26
Mrp:           -1.830000E+26
Mtp:           -1.100000E+26
