 PDE 2015 07 10 04 12 42.50   -9.3000  158.4000  12.0 6.7 6.7 SOLOMON ISLANDS
event name:   C201507100412A
time shift:           5.3000
half duration:        5.5000
latitude:            -9.4000
longitude:          158.3300
depth:               14.6000
Mrr:            9.600000E+24
Mtt:           -3.410000E+25
Mpp:            2.440000E+25
Mrt:            1.810000E+25
Mrp:           -1.680000E+25
Mtp:            1.360000E+26
