 PDE 2015 05 10 21 25 46.40   31.2400  142.0200   6.0 5.8 6.0 SOUTHEAST OF HONSHU, JAPAN
event name:   C201505102125A
time shift:           5.4000
half duration:        2.1000
latitude:            31.0900
longitude:          142.0500
depth:               12.0000
Mrr:            7.240000E+24
Mtt:           -8.000000E+22
Mpp:           -7.160000E+24
Mrt:           -3.800000E+23
Mrp:            2.460000E+24
Mtp:            1.000000E+22
