 PDE 2019 10 31 01 11 19.10    6.9100  125.1900  10.0 6.5 6.5 MINDANAO, PHILIPPINES
event name:   C201910310111A
time shift:           2.3000
half duration:        4.2000
latitude:             6.9800
longitude:          125.1000
depth:               12.0000
Mrr:           -2.310000E+25
Mtt:            6.780000E+25
Mpp:           -4.470000E+25
Mrt:            7.790000E+24
Mrp:           -1.600000E+25
Mtp:            1.590000E+25
