 PDE 2012 04 10 05 09 08.40   -1.2600  -13.9700  10.0 5.9 5.8 NORTH OF ASCENSION ISLAND
event name:   C201204100509A
time shift:           4.4000
half duration:        2.1000
latitude:            -0.8700
longitude:          -13.9200
depth:               20.5000
Mrr:           -4.910000E+23
Mtt:            3.350000E+24
Mpp:           -2.860000E+24
Mrt:            7.050000E+23
Mrp:            2.060000E+24
Mtp:           -7.110000E+24
