 PDE 2018 05 09 10 41 45.90   36.9900   71.3800 116.0 6.3 6.2 AFGHANISTAN-TAJIKISTAN BORD REG.
event name:   C201805091041A
time shift:           0.8000
half duration:        3.6000
latitude:            37.0500
longitude:           71.2500
depth:              126.1000
Mrr:            2.710000E+25
Mtt:           -3.730000E+25
Mpp:            1.020000E+25
Mrt:           -1.250000E+25
Mrp:           -1.820000E+25
Mtp:           -8.750000E+24
