 PDE 2011 03 09 18 16 16.40   38.3100  142.4300  22.0 6.1 6.0 NEAR EAST COAST OF HONSHU, JAPAN
event name:   C201103091816A
time shift:           2.5000
half duration:        2.6000
latitude:            38.3300
longitude:          142.8000
depth:               28.6000
Mrr:            9.460000E+24
Mtt:           -4.900000E+23
Mpp:           -8.970000E+24
Mrt:            5.060000E+24
Mrp:            1.150000E+25
Mtp:           -2.900000E+24
