 PDE 2011 06 13 14 31 23.00    2.5200  126.4600  61.1 6.4 6.4 NORTHERN MOLUCCA SEA
event name:   C201106131431A
time shift:           3.1000
half duration:        3.9000
latitude:             2.7400
longitude:          126.3500
depth:               81.9000
Mrr:            6.320000E+24
Mtt:            2.910000E+25
Mpp:           -3.540000E+25
Mrt:            8.820000E+24
Mrp:            1.450000E+24
Mtp:            3.680000E+25
