 PDE 2010 03 25 05 29 24.70   13.8300  120.0700  16.0 6.0 6.0 MINDORO, PHILIPPINES
event name:   C201003250529A
time shift:           4.9000
half duration:        2.3000
latitude:            13.8500
longitude:          119.8000
depth:               19.6000
Mrr:            5.970000E+24
Mtt:            1.310000E+24
Mpp:           -7.280000E+24
Mrt:           -1.610000E+24
Mrp:           -8.210000E+24
Mtp:            1.260000E+24
