 PDE 2011 07 30 18 53 49.70   36.9400  140.9600  30.0 6.4 6.5 NEAR EAST COAST OF HONSHU, JAPAN
event name:   C201107301853A
time shift:           5.4000
half duration:        3.7000
latitude:            37.0000
longitude:          141.1600
depth:               52.7000
Mrr:            3.860000E+25
Mtt:            9.500000E+23
Mpp:           -3.950000E+25
Mrt:            8.370000E+24
Mrp:           -1.410000E+25
Mtp:           -1.220000E+25
