 PDE 2010 11 12 19 01 30.00  -35.9600 -102.2100  10.0 5.8 5.8 SOUTHEAST OF EASTER ISLAND
event name:   C201011121901A
time shift:           3.6000
half duration:        2.0000
latitude:           -35.9900
longitude:         -102.2800
depth:               18.8000
Mrr:           -6.150000E+23
Mtt:           -1.380000E+24
Mpp:            1.990000E+24
Mrt:           -6.600000E+22
Mrp:           -1.100000E+24
Mtp:           -7.040000E+24
