 PDE 2015 04 03 21 17 54.80   -6.2900  147.7500  30.0 5.9 5.9 EASTERN NEW GUINEA REG., P.N.G.
event name:   C201504032117A
time shift:           5.5000
half duration:        2.2000
latitude:            -6.4500
longitude:          147.7300
depth:               37.0000
Mrr:            8.100000E+24
Mtt:           -8.210000E+24
Mpp:            1.100000E+23
Mrt:            2.890000E+24
Mrp:           -9.800000E+23
Mtp:            2.830000E+24
