 PDE 2010 07 18 13 04 09.40   -5.9700  150.4300  28.0 6.9 7.1 NEW BRITAIN REGION, P.N.G.
event name:   C201007181304A
time shift:           6.7000
half duration:        7.1000
latitude:            -6.3200
longitude:          150.6800
depth:               35.0000
Mrr:            2.920000E+26
Mtt:            6.000000E+24
Mpp:           -2.980000E+26
Mrt:           -5.100000E+24
Mrp:           -3.910000E+25
Mtp:           -7.100000E+25
