 PDE 2015 11 11 02 46 19.80  -29.5100  -72.0600  10.0 6.8 6.9 OFF COAST OF CENTRAL CHILE
event name:   C201511110246A
time shift:          13.2000
half duration:        6.1000
latitude:           -29.7000
longitude:          -72.2900
depth:               12.0000
Mrr:            1.340000E+26
Mtt:           -2.300000E+24
Mpp:           -1.310000E+26
Mrt:            4.600000E+24
Mrp:           -1.430000E+26
Mtp:            4.400000E+24
