 PDE 2010 04 17 23 15 22.00   -6.6700  147.2900  53.0 6.2 6.2 EASTERN NEW GUINEA REG., P.N.G.
event name:   C201004172315A
time shift:           5.9000
half duration:        2.9000
latitude:            -6.8200
longitude:          147.3000
depth:               62.9000
Mrr:            1.900000E+25
Mtt:           -2.420000E+25
Mpp:            5.140000E+24
Mrt:           -3.520000E+24
Mrp:            7.000000E+22
Mtp:           -1.690000E+24
