 PDE 2019 12 06 13 04 46.50  -15.2600 -175.1000  10.0 6.1 6.0 TONGA ISLANDS
event name:   C201912061304A
time shift:           7.0000
half duration:        2.7000
latitude:           -15.3300
longitude:         -175.2800
depth:               13.7000
Mrr:           -1.870000E+24
Mtt:            1.510000E+25
Mpp:           -1.320000E+25
Mrt:            8.300000E+23
Mrp:           -1.930000E+24
Mtp:            9.600000E+24
