 PDE 2011 09 15 07 53 18.80  -35.3100 -179.0300  10.0 6.0 6.2 EAST OF NORTH ISLAND, N.Z.
event name:   C201109150753A
time shift:           3.9000
half duration:        2.4000
latitude:           -35.1800
longitude:         -178.6800
depth:               12.0000
Mrr:           -1.140000E+25
Mtt:           -1.500000E+24
Mpp:            1.290000E+25
Mrt:           -9.400000E+23
Mrp:            4.100000E+23
Mtp:            3.100000E+24
