 PDE 2017 12 01 02 49 58.50   -6.1400  147.6600  34.0 6.0 6.0 EASTERN NEW GUINEA REG., P.N.G.
event name:   C201712010250A
time shift:           4.7000
half duration:        2.5000
latitude:            -6.2900
longitude:          147.6800
depth:               45.2000
Mrr:            1.180000E+25
Mtt:           -1.250000E+25
Mpp:            7.100000E+23
Mrt:            1.730000E+24
Mrp:           -2.670000E+24
Mtp:            3.680000E+24
