 PDE 2010 05 03 10 27 46.70   29.6400  140.9700  98.5 6.1 6.1 SOUTHEAST OF HONSHU, JAPAN
event name:   C201005031027A
time shift:           2.0000
half duration:        2.7000
latitude:            29.5800
longitude:          141.2800
depth:               98.9000
Mrr:            1.100000E+25
Mtt:           -7.500000E+23
Mpp:           -1.030000E+25
Mrt:           -2.700000E+24
Mrp:            1.140000E+25
Mtp:           -3.820000E+24
