 PDE 2018 03 24 11 23 32.00   -5.5000  151.5000  33.0 6.3 6.3 NEW BRITAIN REGION, P.N.G.
event name:   C201803241123A
time shift:           5.8000
half duration:        3.7000
latitude:            -5.7400
longitude:          151.4800
depth:               41.2000
Mrr:            4.020000E+25
Mtt:           -3.310000E+25
Mpp:           -7.120000E+24
Mrt:            2.060000E+24
Mrp:            2.000000E+22
Mtp:           -2.020000E+25
