 PDE 2013 04 20 13 12 50.50   50.1000  157.1500  18.0 6.1 6.1 KURIL ISLANDS
event name:   C201304201312A
time shift:           5.3000
half duration:        2.6000
latitude:            49.9700
longitude:          157.5800
depth:               23.4000
Mrr:            1.300000E+25
Mtt:           -4.220000E+24
Mpp:           -8.750000E+24
Mrt:            4.730000E+24
Mrp:            7.280000E+24
Mtp:           -6.170000E+24
