 PDE 2013 07 22 07 01 42.50  -46.0500   34.7800  10.0 6.3 6.3 PRINCE EDWARD ISLANDS REGION
event name:   C201307220701A
time shift:           5.4000
half duration:        3.4000
latitude:           -45.8900
longitude:           34.9300
depth:               20.7000
Mrr:           -7.500000E+23
Mtt:            1.990000E+25
Mpp:           -1.910000E+25
Mrt:            2.590000E+24
Mrp:           -1.420000E+24
Mtp:            2.810000E+25
