 PDE 2016 07 24 14 10 51.00    0.9200  -28.9700  10.0 5.8 5.7 CENTRAL MID-ATLANTIC RIDGE
event name:   C201607241410A
time shift:           4.8000
half duration:        2.0000
latitude:             0.9700
longitude:          -28.7700
depth:               23.0000
Mrr:           -4.020000E+23
Mtt:            1.350000E+24
Mpp:           -9.520000E+23
Mrt:           -7.000000E+21
Mrp:           -7.100000E+23
Mtp:           -6.930000E+24
