 PDE 2019 04 12 12 23 04.90  -15.4100 -172.8200  15.4 6.1 6.0 SAMOA ISLANDS REGION
event name:   C201904121223A
time shift:           8.8000
half duration:        2.6000
latitude:           -15.3600
longitude:         -172.7000
depth:               60.8000
Mrr:           -1.330000E+25
Mtt:            1.490000E+25
Mpp:           -1.570000E+24
Mrt:           -3.190000E+24
Mrp:            5.190000E+24
Mtp:           -4.020000E+24
