 PDE 2013 08 01 20 01 43.20  -15.2400 -173.5000  31.6 6.0 6.0 TONGA ISLANDS
event name:   C201308012001A
time shift:           7.8000
half duration:        2.4000
latitude:           -15.1600
longitude:         -173.2900
depth:               56.2000
Mrr:            2.500000E+23
Mtt:            2.590000E+24
Mpp:           -2.840000E+24
Mrt:           -1.030000E+25
Mrp:            4.780000E+24
Mtp:            8.800000E+23
