 PDE 2011 03 15 15 23 54.10   40.3300  143.2900  19.8 6.0 6.1 OFF EAST COAST OF HONSHU, JAPAN
event name:   C201103151523A
time shift:           3.9000
half duration:        2.5000
latitude:            40.3600
longitude:          143.5000
depth:               22.9000
Mrr:            7.660000E+24
Mtt:           -3.200000E+23
Mpp:           -7.330000E+24
Mrt:            4.370000E+24
Mrp:            9.540000E+24
Mtp:           -1.560000E+24
