 PDE 2010 06 24 05 32 27.40   -5.5100  151.1600  40.0 6.1 6.1 NEW BRITAIN REGION, P.N.G.
event name:   C201006240532A
time shift:           7.8000
half duration:        2.9000
latitude:            -5.8600
longitude:          151.1800
depth:               52.2000
Mrr:            1.830000E+25
Mtt:           -1.990000E+25
Mpp:            1.620000E+24
Mrt:            4.050000E+24
Mrp:           -2.470000E+24
Mtp:           -6.720000E+24
