 PDE 2016 10 28 05 26 55.90   -4.6700  153.2200  45.2 5.9 5.9 NEW IRELAND REGION, P.N.G.
event name:   C201610280526A
time shift:           2.1000
half duration:        2.1000
latitude:            -4.9300
longitude:          153.0900
depth:               53.2000
Mrr:            6.270000E+24
Mtt:           -7.050000E+24
Mpp:            7.900000E+23
Mrt:            3.800000E+24
Mrp:            1.440000E+24
Mtp:            1.580000E+24
