 PDE 2012 05 18 02 00 39.50  -44.8100  -80.1600  10.0 6.3 6.3 OFF COAST OF SOUTHERN CHILE
event name:   C201205180200A
time shift:           7.6000
half duration:        3.6000
latitude:           -44.9000
longitude:          -80.5100
depth:               20.6000
Mrr:           -2.590000E+24
Mtt:            1.600000E+25
Mpp:           -1.340000E+25
Mrt:            4.440000E+24
Mrp:           -1.040000E+24
Mtp:           -3.850000E+25
