 PDE 2011 04 23 04 16 54.70  -10.3800  161.2000  79.0 6.8 6.8 SOLOMON ISLANDS
event name:   C201104230416A
time shift:           6.0000
half duration:        6.3000
latitude:           -10.4700
longitude:          161.3200
depth:               76.9000
Mrr:            3.720000E+25
Mtt:           -9.950000E+25
Mpp:            6.230000E+25
Mrt:           -1.390000E+26
Mrp:           -2.300000E+25
Mtp:            1.370000E+26
