 PDE 2017 05 15 13 22 38.60   -4.0200  152.4800  10.0 6.2 6.2 NEW BRITAIN REGION, P.N.G.
event name:   C201705151322A
time shift:           6.0000
half duration:        3.2000
latitude:            -4.0400
longitude:          152.5300
depth:               25.5000
Mrr:            4.750000E+24
Mtt:            2.440000E+25
Mpp:           -2.910000E+25
Mrt:           -5.780000E+24
Mrp:           -2.800000E+23
Mtp:           -2.270000E+24
