 PDE 2018 09 08 07 16 49.60    7.2400  126.4800  10.0 6.1 6.2 MINDANAO, PHILIPPINES
event name:   C201809080716A
time shift:           3.1000
half duration:        2.9000
latitude:             7.1400
longitude:          126.4300
depth:               15.1000
Mrr:           -7.490000E+24
Mtt:            1.670000E+25
Mpp:           -9.240000E+24
Mrt:            4.270000E+24
Mrp:            3.230000E+24
Mtp:           -1.350000E+25
