 PDE 2013 12 01 01 24 13.60   -7.0100  128.4100  10.0 6.5 6.4 BANDA SEA
event name:   C201312010124A
time shift:           3.4000
half duration:        4.3000
latitude:            -7.0200
longitude:          128.2900
depth:               13.1000
Mrr:            4.910000E+25
Mtt:           -6.040000E+25
Mpp:            1.130000E+25
Mrt:           -3.000000E+25
Mrp:           -2.040000E+25
Mtp:           -2.210000E+25
