 PDE 2014 01 13 04 01 03.20   19.0400  -66.8100  20.0 6.3 6.4 PUERTO RICO REGION
event name:   C201401130401A
time shift:           5.9000
half duration:        3.6000
latitude:            19.2200
longitude:          -66.8200
depth:               22.1000
Mrr:            8.140000E+24
Mtt:           -1.310000E+25
Mpp:            4.990000E+24
Mrt:           -1.260000E+25
Mrp:            3.220000E+25
Mtp:            1.590000E+25
