 PDE 2015 11 11 01 54 38.60  -29.5100  -72.0100  12.0 6.8 6.9 OFF COAST OF CENTRAL CHILE
event name:   C201511110154A
time shift:           9.2000
half duration:        6.1000
latitude:           -29.4700
longitude:          -72.1800
depth:               12.4000
Mrr:            1.340000E+26
Mtt:            7.000000E+23
Mpp:           -1.350000E+26
Mrt:            4.200000E+24
Mrp:           -1.370000E+26
Mtp:           -8.000000E+23
