 PDE 2014 06 14 11 10 59.80  -10.1200   91.0900   4.0 6.5 6.5 SOUTH INDIAN OCEAN
event name:   C201406141111A
time shift:           5.0000
half duration:        4.2000
latitude:           -10.0200
longitude:           91.0600
depth:               13.4000
Mrr:            3.390000E+25
Mtt:           -2.790000E+25
Mpp:           -6.040000E+24
Mrt:           -2.560000E+25
Mrp:            4.060000E+24
Mtp:           -5.080000E+25
