 PDE 2010 11 17 15 53 31.60   -7.8000  129.4500  23.0 5.8 5.9 BANDA SEA
event name:   C201011171553A
time shift:           5.4000
half duration:        2.0000
latitude:            -7.9600
longitude:          129.6100
depth:               28.9000
Mrr:            6.350000E+24
Mtt:           -6.670000E+24
Mpp:            3.190000E+23
Mrt:            5.730000E+23
Mrp:           -7.270000E+23
Mtp:           -1.130000E+24
