 PDE 2012 12 15 19 30 02.20   -4.6300  153.0200  52.0 6.1 6.1 NEW IRELAND REGION, P.N.G.
event name:   C201212151930A
time shift:           4.8000
half duration:        2.7000
latitude:            -4.8800
longitude:          152.9500
depth:               57.1000
Mrr:            1.500000E+25
Mtt:           -1.590000E+25
Mpp:            9.400000E+23
Mrt:            6.180000E+24
Mrp:            1.530000E+24
Mtp:            1.410000E+24
