 PDE 2015 09 16 07 40 58.70    1.8800  126.4300  41.5 6.3 6.3 NORTHERN MOLUCCA SEA
event name:   C201509160740A
time shift:           3.9000
half duration:        3.5000
latitude:             2.0100
longitude:          126.4700
depth:               33.0000
Mrr:            3.600000E+25
Mtt:           -7.050000E+24
Mpp:           -2.900000E+25
Mrt:            3.300000E+23
Mrp:           -8.990000E+24
Mtp:           -1.750000E+25
