 PDE 2013 05 11 02 08 08.50   26.5600   57.7700  15.0 6.2 6.2 SOUTHERN IRAN
event name:   C201305110208A
time shift:           3.6000
half duration:        3.0000
latitude:            26.5500
longitude:           57.7300
depth:               12.0000
Mrr:           -1.400000E+24
Mtt:           -9.740000E+24
Mpp:            1.110000E+25
Mrt:            6.010000E+24
Mrp:            1.420000E+24
Mtp:            1.860000E+25
