 PDE 2014 03 21 13 41 09.50    7.7400   94.3300  21.5 6.4 6.4 NICOBAR ISLANDS, INDIA REGION
event name:   C201403211341A
time shift:           3.0000
half duration:        3.9000
latitude:             7.7300
longitude:           94.3200
depth:               15.5000
Mrr:           -6.110000E+24
Mtt:           -3.650000E+25
Mpp:            4.260000E+25
Mrt:           -1.440000E+25
Mrp:            6.900000E+23
Mtp:            2.780000E+25
