 PDE 2012 04 14 22 05 26.40  -18.9700  168.7400  11.0 6.3 6.3 VANUATU ISLANDS
event name:   C201204142205A
time shift:           6.2000
half duration:        3.5000
latitude:           -19.0100
longitude:          168.6600
depth:               12.0000
Mrr:           -3.200000E+25
Mtt:            3.630000E+25
Mpp:           -4.250000E+24
Mrt:           -8.770000E+24
Mrp:            3.940000E+24
Mtp:            1.320000E+25
