 PDE 2017 09 26 04 20 00.30  -23.5800 -176.8400  96.0 6.4 6.4 SOUTH OF FIJI ISLANDS
event name:   C201709260420A
time shift:           4.7000
half duration:        4.0000
latitude:           -23.7900
longitude:         -176.4700
depth:              110.7000
Mrr:           -3.280000E+24
Mtt:           -9.090000E+24
Mpp:            1.240000E+25
Mrt:           -1.920000E+25
Mrp:           -4.930000E+25
Mtp:           -9.320000E+24
