 PDE 2010 12 07 04 27 22.00  -57.9300   -7.4700  10.0 5.9 5.9 EAST OF SOUTH SANDWICH ISLANDS
event name:   C201012070427A
time shift:           3.4000
half duration:        2.2000
latitude:           -58.1000
longitude:           -7.2900
depth:               12.0000
Mrr:            6.600000E+22
Mtt:           -1.690000E+24
Mpp:            1.630000E+24
Mrt:            1.670000E+24
Mrp:           -1.380000E+24
Mtp:            9.120000E+24
