 PDE 2014 06 23 19 21 46.00  -29.9400 -177.5200  10.0 6.5 6.5 KERMADEC ISLANDS, NEW ZEALAND
event name:   C201406231921A
time shift:           9.8000
half duration:        4.2000
latitude:           -30.0300
longitude:         -177.7000
depth:               12.0000
Mrr:            6.330000E+24
Mtt:            9.720000E+24
Mpp:           -1.600000E+25
Mrt:            3.910000E+25
Mrp:            5.270000E+25
Mtp:           -8.350000E+24
