 PDE 2015 07 27 21 41 21.70   -2.6300  138.5300  48.0 7.0 7.0 IRIAN JAYA, INDONESIA
event name:   C201507272141A
time shift:           9.3000
half duration:        7.4000
latitude:            -2.5300
longitude:          138.4400
depth:               40.6000
Mrr:            3.100000E+26
Mtt:           -1.900000E+26
Mpp:           -1.200000E+26
Mrt:            1.200000E+26
Mrp:            3.040000E+25
Mtp:            1.950000E+26
