 PDE 2015 02 16 22 00 53.60  -55.5200  -28.2600  13.0 6.3 6.2 SOUTH SANDWICH ISLANDS REGION
event name:   C201502162200A
time shift:           6.9000
half duration:        3.3000
latitude:           -55.5000
longitude:          -28.1400
depth:               14.2000
Mrr:            1.000000E+25
Mtt:           -6.150000E+24
Mpp:           -3.880000E+24
Mrt:           -9.130000E+24
Mrp:            2.710000E+25
Mtp:            1.110000E+25
