 PDE 2013 02 08 11 12 11.50  -10.8400  165.9700  12.0 6.8 6.9 SANTA CRUZ ISLANDS
event name:   C201302081112A
time shift:          14.0000
half duration:        6.4000
latitude:           -10.9100
longitude:          165.8100
depth:               12.2000
Mrr:           -1.230000E+25
Mtt:            1.500000E+26
Mpp:           -1.380000E+26
Mrt:            2.900000E+24
Mrp:            5.000000E+24
Mtp:           -1.760000E+26
