 PDE 2011 05 13 22 47 54.00    9.9500  -84.3100  72.8 6.0 6.0 COSTA RICA
event name:   C201105132247A
time shift:           5.0000
half duration:        2.4000
latitude:            10.0100
longitude:          -84.3100
depth:               85.3000
Mrr:            2.030000E+24
Mtt:            7.640000E+24
Mpp:           -9.670000E+24
Mrt:            5.410000E+24
Mrp:            3.570000E+24
Mtp:            2.680000E+24
