 PDE 2010 05 23 22 46 52.10  -13.9300  -74.3600 101.4 6.1 6.1 CENTRAL PERU
event name:   C201005232246A
time shift:           3.4000
half duration:        2.8000
latitude:           -14.0300
longitude:          -74.5200
depth:              108.9000
Mrr:           -1.630000E+25
Mtt:            4.340000E+24
Mpp:            1.200000E+25
Mrt:           -1.880000E+24
Mrp:            4.700000E+24
Mtp:           -9.920000E+24
