 PDE 2017 09 20 16 37 16.40   37.9800  144.6600  11.0 6.2 6.1 OFF EAST COAST OF HONSHU, JAPAN
event name:   C201709201637A
time shift:           3.5000
half duration:        3.1000
latitude:            38.0200
longitude:          144.6900
depth:               17.3000
Mrr:           -1.830000E+25
Mtt:            1.730000E+24
Mpp:            1.660000E+25
Mrt:            4.270000E+24
Mrp:            1.750000E+25
Mtp:            9.490000E+24
