 PDE 2018 03 25 20 14 47.70   -6.6200  129.8100 169.0 6.4 6.4 BANDA SEA
event name:   C201803252014A
time shift:           2.5000
half duration:        4.0000
latitude:            -6.7200
longitude:          129.8400
depth:              181.7000
Mrr:            2.790000E+24
Mtt:           -3.070000E+25
Mpp:            2.790000E+25
Mrt:            2.060000E+25
Mrp:            4.110000E+25
Mtp:           -1.360000E+25
