 PDE 2016 06 19 09 47 23.60  -20.2800  169.0700  13.0 6.3 6.3 VANUATU ISLANDS
event name:   C201606190947A
time shift:           8.9000
half duration:        3.6000
latitude:           -20.2700
longitude:          168.6000
depth:               19.9000
Mrr:            2.910000E+25
Mtt:           -2.810000E+24
Mpp:           -2.630000E+25
Mrt:            1.260000E+25
Mrp:           -2.330000E+25
Mtp:            1.240000E+25
