 PDE 2011 01 13 16 16 41.50  -20.6300  168.4700   9.0 6.9 7.1 LOYALTY ISLANDS
event name:   C201101131616A
time shift:           9.7000
half duration:        7.2000
latitude:           -20.6800
longitude:          168.3400
depth:               17.2000
Mrr:           -2.980000E+26
Mtt:            4.490000E+25
Mpp:            2.530000E+26
Mrt:           -6.320000E+25
Mrp:            5.770000E+25
Mtp:           -1.270000E+26
