 PDE 2016 12 10 02 45 39.90  -10.8800  161.2800   7.7 5.8 5.8 SOLOMON ISLANDS
event name:   C201612100245A
time shift:           3.0000
half duration:        1.9000
latitude:           -11.0700
longitude:          161.3200
depth:               12.0000
Mrr:            4.800000E+24
Mtt:           -2.260000E+24
Mpp:           -2.530000E+24
Mrt:            3.710000E+24
Mrp:           -1.590000E+24
Mtp:            2.280000E+24
