 PDE 2010 08 04 07 15 34.10   -5.5000  146.8100 225.6 6.5 6.5 EASTERN NEW GUINEA REG., P.N.G.
event name:   C201008040715A
time shift:           4.4000
half duration:        4.2000
latitude:            -5.5900
longitude:          146.9000
depth:              218.1000
Mrr:            3.590000E+25
Mtt:           -5.720000E+25
Mpp:            2.120000E+25
Mrt:            3.100000E+25
Mrp:           -2.530000E+25
Mtp:           -7.760000E+24
