 PDE 2012 03 14 21 13 08.00   -5.5900  151.0400  28.0 6.2 6.2 NEW BRITAIN REGION, P.N.G.
event name:   C201203142113A
time shift:           9.0000
half duration:        3.0000
latitude:            -5.9800
longitude:          151.0000
depth:               47.8000
Mrr:            2.010000E+25
Mtt:           -2.210000E+25
Mpp:            2.030000E+24
Mrt:            7.040000E+24
Mrp:           -2.710000E+24
Mtp:           -4.640000E+24
