 PDE 2016 03 19 01 35 12.20   51.5100 -174.1400  17.0 6.0 6.0 ANDREANOF ISLANDS, ALEUTIAN IS.
event name:   C201603190135A
time shift:           3.0000
half duration:        2.6000
latitude:            51.4000
longitude:         -174.1300
depth:               15.9000
Mrr:            9.590000E+24
Mtt:           -8.550000E+24
Mpp:           -1.040000E+24
Mrt:            1.030000E+25
Mrp:            4.430000E+24
Mtp:           -3.830000E+24
