 PDE 2010 10 25 12 05 28.90   -0.0700  125.0600  37.0 5.8 5.8 SOUTHERN MOLUCCA SEA
event name:   C201010251205A
time shift:           2.5000
half duration:        2.0000
latitude:            -0.2500
longitude:          125.3200
depth:               37.5000
Mrr:            5.040000E+24
Mtt:           -2.480000E+24
Mpp:           -2.560000E+24
Mrt:            1.940000E+24
Mrp:            3.360000E+24
Mtp:           -3.330000E+24
