 PDE 2014 05 21 16 21 54.40   18.2000   88.0300  47.5 6.1 6.0 BAY OF BENGAL
event name:   C201405211621A
time shift:           2.3000
half duration:        2.7000
latitude:            18.1000
longitude:           88.0900
depth:               57.6000
Mrr:            2.000000E+22
Mtt:           -1.600000E+25
Mpp:            1.600000E+25
Mrt:            1.250000E+24
Mrp:            1.830000E+24
Mtp:            4.160000E+24
