 PDE 2016 12 03 09 23 35.00   52.2500  174.1700  28.4 6.0 5.9 NEAR ISLANDS, ALEUTIAN ISLANDS
event name:   C201612030923A
time shift:           2.9000
half duration:        2.4000
latitude:            52.3400
longitude:          174.3400
depth:               38.3000
Mrr:            7.360000E+24
Mtt:           -8.390000E+24
Mpp:            1.030000E+24
Mrt:            5.570000E+24
Mrp:            5.860000E+24
Mtp:           -2.000000E+24
