 PDE 2016 11 21 20 59 49.30   37.3900  141.3900   9.0 6.9 6.9 NEAR EAST COAST OF HONSHU, JAPAN
event name:   C201611212059A
time shift:           8.9000
half duration:        7.2000
latitude:            37.3100
longitude:          141.4600
depth:               12.0000
Mrr:           -2.970000E+26
Mtt:            1.670000E+26
Mpp:            1.300000E+26
Mrt:            8.030000E+25
Mrp:            7.530000E+25
Mtp:            1.500000E+26
