 PDE 2018 09 10 19 31 37.40  -21.9900  170.1600  12.0 6.3 6.3 SOUTHEAST OF LOYALTY ISLANDS
event name:   C201809101931A
time shift:           7.7000
half duration:        3.4000
latitude:           -22.0500
longitude:          170.0100
depth:               19.3000
Mrr:            2.450000E+25
Mtt:           -1.070000E+25
Mpp:           -1.380000E+25
Mrt:            9.560000E+24
Mrp:           -1.790000E+25
Mtp:            1.490000E+25
