 PDE 2014 07 07 11 23 54.80   14.7600  -92.4300  53.0 6.9 6.9 NEAR COAST OF CHIAPAS, MEXICO
event name:   C201407071123A
time shift:           4.6000
half duration:        6.9000
latitude:            14.8000
longitude:          -92.7000
depth:               62.9000
Mrr:           -2.110000E+26
Mtt:            7.710000E+25
Mpp:            1.340000E+26
Mrt:            1.210000E+26
Mrp:           -1.190000E+26
Mtp:           -1.360000E+26
