 PDE 2012 03 14 09 08 35.10   40.8900  144.9400  12.0 7.0 7.0 OFF EAST COAST OF HONSHU, JAPAN
event name:   C201203140908A
time shift:           7.7000
half duration:        7.3000
latitude:            40.8800
longitude:          144.9300
depth:               13.0000
Mrr:           -3.500000E+26
Mtt:            3.110000E+26
Mpp:            3.840000E+25
Mrt:           -4.400000E+24
Mrp:            5.660000E+25
Mtp:           -1.270000E+25
