 PDE 2013 01 21 22 22 52.80    4.9300   95.9100  12.0 6.1 6.1 NORTHERN SUMATRA, INDONESIA
event name:   C201301212222A
time shift:           2.3000
half duration:        2.7000
latitude:             4.9500
longitude:           96.0200
depth:               17.1000
Mrr:           -8.000000E+23
Mtt:           -1.560000E+25
Mpp:            1.640000E+25
Mrt:           -7.440000E+24
Mrp:            1.000000E+22
Mtp:           -3.130000E+24
