 PDE 2010 05 25 10 09 05.80   35.3200  -35.9200  10.0 6.3 6.3 NORTHERN MID-ATLANTIC RIDGE
event name:   C201005251009A
time shift:           7.9000
half duration:        3.4000
latitude:            35.3100
longitude:          -35.8000
depth:               15.5000
Mrr:           -5.470000E+24
Mtt:            1.610000E+25
Mpp:           -1.060000E+25
Mrt:            1.930000E+24
Mrp:            1.010000E+24
Mtp:            3.180000E+25
