 PDE 2011 08 04 13 51 34.60   48.8300  154.7700  36.0 6.1 6.1 KURIL ISLANDS
event name:   C201108041351A
time shift:           3.3000
half duration:        2.7000
latitude:            48.7000
longitude:          155.2800
depth:               43.5000
Mrr:            1.620000E+25
Mtt:           -3.880000E+24
Mpp:           -1.230000E+25
Mrt:            3.320000E+24
Mrp:            4.690000E+24
Mtp:           -7.130000E+24
