 PDE 2013 04 01 18 53 17.40   39.5300  143.1700  14.0 6.0 6.0 OFF EAST COAST OF HONSHU, JAPAN
event name:   C201304011853A
time shift:           5.8000
half duration:        2.3000
latitude:            39.5600
longitude:          143.2300
depth:               22.7000
Mrr:            6.010000E+24
Mtt:           -1.100000E+23
Mpp:           -5.900000E+24
Mrt:            3.940000E+24
Mrp:            7.810000E+24
Mtp:           -1.500000E+24
