 PDE 2011 09 12 22 44 28.10   -3.6300  144.1800  14.0 5.9 6.0 NEAR N COAST OF NEW GUINEA, PNG.
event name:   C201109122244A
time shift:           5.1000
half duration:        2.2000
latitude:            -3.4800
longitude:          144.1800
depth:               12.0000
Mrr:            7.860000E+24
Mtt:           -8.070000E+24
Mpp:            2.100000E+23
Mrt:           -2.730000E+24
Mrp:            3.220000E+24
Mtp:            3.270000E+24
