 PDE 2010 04 21 17 20 29.10  -15.2700 -173.2200  35.0 6.1 6.1 TONGA ISLANDS
event name:   C201004211720A
time shift:           7.4000
half duration:        2.7000
latitude:           -15.2100
longitude:         -172.8300
depth:               45.3000
Mrr:           -9.730000E+24
Mtt:            2.280000E+24
Mpp:            7.460000E+24
Mrt:           -1.100000E+25
Mrp:            4.020000E+24
Mtp:           -7.180000E+24
