 PDE 2015 08 12 18 49 24.10   -9.3300  157.8800   6.4 6.5 6.5 SOLOMON ISLANDS
event name:   C201508121849A
time shift:           6.5000
half duration:        4.3000
latitude:            -9.3200
longitude:          157.7100
depth:               14.9000
Mrr:            4.320000E+24
Mtt:            1.350000E+25
Mpp:           -1.790000E+25
Mrt:           -6.000000E+23
Mrp:           -5.720000E+24
Mtp:            6.660000E+25
