 PDE 2015 03 06 08 22 19.00  -41.3200   80.6000  10.0 6.0 5.9 MID-INDIAN RIDGE
event name:   C201503060822A
time shift:           5.1000
half duration:        2.3000
latitude:           -41.2300
longitude:           80.6400
depth:               12.0000
Mrr:           -1.300000E+23
Mtt:            1.070000E+25
Mpp:           -1.050000E+25
Mrt:            1.100000E+24
Mrp:           -4.000000E+23
Mtp:           -1.400000E+24
