 PDE 2018 09 07 02 12 06.30   -2.2500  -78.7900 110.5 6.2 6.2 ECUADOR
event name:   C201809070212A
time shift:          -0.1000
half duration:        3.2000
latitude:            -2.3900
longitude:          -78.9500
depth:              107.9000
Mrr:           -2.100000E+25
Mtt:           -1.850000E+24
Mpp:            2.290000E+25
Mrt:            7.040000E+24
Mrp:           -1.090000E+25
Mtp:           -1.140000E+25
