 PDE 2015 03 31 12 18 24.20   -4.8900  152.4900  39.0 6.0 6.0 NEW BRITAIN REGION, P.N.G.
event name:   C201503311218A
time shift:           5.9000
half duration:        2.4000
latitude:            -5.0700
longitude:          152.4300
depth:               47.2000
Mrr:            1.070000E+25
Mtt:           -1.110000E+25
Mpp:            4.300000E+23
Mrt:            3.100000E+24
Mrp:           -1.950000E+24
Mtp:           -3.630000E+24
