 PDE 2011 08 10 23 45 43.00   -7.0400  -12.6200  10.0 6.0 6.0 ASCENSION ISLAND REGION
event name:   C201108102345A
time shift:           5.6000
half duration:        2.4000
latitude:            -6.8900
longitude:          -12.6000
depth:               18.4000
Mrr:           -9.000000E+23
Mtt:           -4.890000E+24
Mpp:            5.800000E+24
Mrt:           -1.030000E+24
Mrp:           -3.000000E+23
Mtp:            1.010000E+25
