 PDE 2019 05 19 01 23 29.10  -21.6600  169.7800  20.0 6.4 6.3 SOUTHEAST OF LOYALTY ISLANDS
event name:   C201905190123A
time shift:           6.4000
half duration:        3.7000
latitude:           -21.7400
longitude:          169.6800
depth:               28.8000
Mrr:            3.670000E+25
Mtt:           -1.060000E+25
Mpp:           -2.610000E+25
Mrt:            8.060000E+24
Mrp:           -2.100000E+25
Mtp:            2.000000E+25
