 PDE 2014 11 13 10 24 18.30  -15.2200  173.0900  10.0 6.0 6.0 FIJI ISLANDS REGION
event name:   C201411131024A
time shift:           6.0000
half duration:        2.4000
latitude:           -15.2800
longitude:          173.1300
depth:               12.0000
Mrr:           -9.120000E+24
Mtt:            9.930000E+24
Mpp:           -8.000000E+23
Mrt:           -3.020000E+24
Mrp:            1.880000E+24
Mtp:           -6.030000E+24
