 PDE 2016 01 14 03 25 33.60   41.9700  142.7800  46.0 6.7 6.7 HOKKAIDO, JAPAN REGION
event name:   C201601140325B
time shift:           3.7000
half duration:        5.2000
latitude:            42.0000
longitude:          142.7800
depth:               54.1000
Mrr:            9.280000E+25
Mtt:           -1.880000E+25
Mpp:           -7.400000E+25
Mrt:            2.880000E+25
Mrp:            7.330000E+25
Mtp:           -3.820000E+25
