 PDE 2012 03 03 12 19 55.10  -22.1400  170.3400  14.0 6.6 6.6 SOUTHEAST OF LOYALTY ISLANDS
event name:   C201203031219A
time shift:           6.5000
half duration:        4.8000
latitude:           -22.3300
longitude:          170.2200
depth:               24.1000
Mrr:            4.000000E+23
Mtt:           -3.580000E+25
Mpp:            3.530000E+25
Mrt:            1.940000E+25
Mrp:           -2.600000E+24
Mtp:            8.630000E+25
