 PDE 2012 08 02 09 56 41.70   -4.6500  153.2700  46.0 6.1 6.1 NEW IRELAND REGION, P.N.G.
event name:   C201208020956A
time shift:           3.9000
half duration:        2.7000
latitude:            -4.9300
longitude:          153.1400
depth:               54.0000
Mrr:            1.340000E+25
Mtt:           -1.540000E+25
Mpp:            1.950000E+24
Mrt:            7.060000E+24
Mrp:            3.870000E+24
Mtp:            1.720000E+24
