 PDE 2015 09 16 14 03 22.10   -6.0100  151.4800   6.0 6.0 6.1 NEW BRITAIN REGION, P.N.G.
event name:   C201509161403A
time shift:           6.2000
half duration:        2.5000
latitude:            -6.2000
longitude:          151.5300
depth:               13.3000
Mrr:           -9.580000E+24
Mtt:            8.220000E+24
Mpp:            1.350000E+24
Mrt:           -8.660000E+24
Mrp:           -3.330000E+24
Mtp:            3.450000E+24
