 PDE 2011 03 13 01 26 04.20   35.7200  141.6400   8.0 6.2 6.2 NEAR EAST COAST OF HONSHU, JAPAN
event name:   C201103130126A
time shift:           5.0000
half duration:        3.0000
latitude:            35.7400
longitude:          141.8100
depth:               12.0000
Mrr:           -1.590000E+25
Mtt:            2.860000E+24
Mpp:            1.300000E+25
Mrt:            8.900000E+24
Mrp:           -1.370000E+25
Mtp:           -5.230000E+24
