 PDE 2016 03 12 18 06 44.80   51.5600 -173.9400  19.0 6.4 6.3 ANDREANOF ISLANDS, ALEUTIAN IS.
event name:   C201603121806A
time shift:           5.7000
half duration:        3.8000
latitude:            51.3800
longitude:         -173.8200
depth:               16.5000
Mrr:            2.960000E+25
Mtt:           -2.820000E+25
Mpp:           -1.380000E+24
Mrt:            3.220000E+25
Mrp:            1.320000E+25
Mtp:           -9.380000E+24
