 PDE 2011 05 05 14 58 18.70   38.1700  144.0300  11.0 6.1 6.1 OFF EAST COAST OF HONSHU, JAPAN
event name:   C201105051458A
time shift:           4.2000
half duration:        2.6000
latitude:            38.2400
longitude:          144.1700
depth:               13.9000
Mrr:           -1.120000E+25
Mtt:           -3.870000E+24
Mpp:            1.510000E+25
Mrt:            1.070000E+24
Mrp:            3.680000E+24
Mtp:            8.390000E+24
