 PDE 2013 08 04 15 56 35.00   46.9900  145.2200 375.4 5.8 5.8 SEA OF OKHOTSK
event name:   C201308041556A
time shift:           1.9000
half duration:        2.0000
latitude:            46.9700
longitude:          145.2200
depth:              378.0000
Mrr:            1.170000E+24
Mtt:            3.110000E+24
Mpp:           -4.280000E+24
Mrt:           -4.680000E+24
Mrp:           -3.470000E+24
Mtp:           -1.780000E+24
