 PDE 2015 11 18 18 31 04.60   -8.9000  158.4200  12.6 6.8 6.8 SOLOMON ISLANDS
event name:   C201511181831A
time shift:           7.8000
half duration:        6.4000
latitude:            -9.1100
longitude:          158.4400
depth:               21.5000
Mrr:            1.350000E+26
Mtt:           -4.540000E+25
Mpp:           -8.970000E+25
Mrt:            2.170000E+25
Mrp:           -1.630000E+26
Mtp:            1.020000E+26
