 PDE 2011 06 03 00 05 00.80   37.2800  143.9100  14.0 6.1 6.2 OFF EAST COAST OF HONSHU, JAPAN
event name:   C201106030005A
time shift:           2.0000
half duration:        2.7000
latitude:            37.3500
longitude:          143.9600
depth:               20.5000
Mrr:           -1.410000E+25
Mtt:            8.510000E+24
Mpp:            5.590000E+24
Mrt:           -3.740000E+24
Mrp:            4.070000E+24
Mtp:            9.940000E+24
