 PDE 2016 04 13 18 21 52.70    7.7900  122.0200  17.0 6.0 6.0 MINDANAO, PHILIPPINES
event name:   C201604131821A
time shift:           3.2000
half duration:        2.4000
latitude:             7.8400
longitude:          121.9400
depth:               24.2000
Mrr:            7.370000E+24
Mtt:            1.590000E+24
Mpp:           -8.960000E+24
Mrt:            2.430000E+24
Mrp:           -7.370000E+24
Mtp:           -2.500000E+23
