 PDE 2015 11 13 20 51 31.00   31.0000  128.8700  12.0 6.8 6.7 NORTHWEST OF RYUKYU ISLANDS
event name:   C201511132051B
time shift:          12.0000
half duration:        5.8000
latitude:            31.1300
longitude:          128.6700
depth:               12.0000
Mrr:           -3.660000E+25
Mtt:            8.050000E+25
Mpp:           -4.390000E+25
Mrt:            7.900000E+24
Mrp:            3.810000E+25
Mtp:            1.530000E+26
