 PDE 2012 03 27 11 00 44.50   39.8600  142.0200  15.0 6.0 6.1 NEAR EAST COAST OF HONSHU, JAPAN
event name:   C201203271100A
time shift:           3.7000
half duration:        2.5000
latitude:            39.7600
longitude:          142.2200
depth:               13.8000
Mrr:            8.450000E+24
Mtt:           -6.550000E+24
Mpp:           -1.900000E+24
Mrt:           -6.590000E+24
Mrp:           -1.890000E+24
Mtp:            8.620000E+24
