 PDE 2016 02 23 18 08 46.60  -63.0400  145.0000  10.0 5.8 5.8 SOUTH OF AUSTRALIA
event name:   C201602231808A
time shift:           3.3000
half duration:        2.0000
latitude:           -62.8600
longitude:          145.0000
depth:               12.0000
Mrr:           -1.550000E+23
Mtt:            2.720000E+24
Mpp:           -2.570000E+24
Mrt:            5.300000E+23
Mrp:           -1.500000E+24
Mtp:            6.670000E+24
