 PDE 2019 12 15 07 09 20.90    6.5300  125.2600  10.0 5.8 5.6 MINDANAO, PHILIPPINES
event name:   C201912150709A
time shift:           3.5000
half duration:        2.0000
latitude:             6.4700
longitude:          125.2000
depth:               25.6000
Mrr:            1.620000E+24
Mtt:            3.930000E+24
Mpp:           -5.550000E+24
Mrt:           -4.330000E+24
Mrp:            8.510000E+23
Mtp:           -1.340000E+24
