 PDE 2015 04 20 12 00 00.10   24.0500  122.4500  29.0 6.0 6.1 TAIWAN REGION
event name:   C201504201200A
time shift:           2.7000
half duration:        2.5000
latitude:            23.8400
longitude:          122.4400
depth:               35.1000
Mrr:            1.050000E+25
Mtt:           -1.140000E+25
Mpp:            9.400000E+23
Mrt:            8.270000E+24
Mrp:            1.870000E+24
Mtp:            1.220000E+24
