 PDE 2015 12 19 02 10 53.40  -18.3800  169.3900  10.0 6.0 6.0 VANUATU ISLANDS
event name:   C201512190210A
time shift:           5.1000
half duration:        2.4000
latitude:           -18.1700
longitude:          169.4600
depth:               15.2000
Mrr:           -3.200000E+23
Mtt:           -3.050000E+24
Mpp:            3.370000E+24
Mrt:            2.480000E+24
Mrp:            1.990000E+24
Mtp:           -1.150000E+25
