 PDE 2015 10 14 05 43 08.30   48.8600  156.2300  12.0 6.0 6.0 EAST OF KURIL ISLANDS
event name:   C201510140543A
time shift:           6.0000
half duration:        2.4000
latitude:            48.8300
longitude:          156.5400
depth:               14.3000
Mrr:            1.040000E+25
Mtt:           -4.420000E+24
Mpp:           -5.960000E+24
Mrt:            2.690000E+24
Mrp:            3.890000E+24
Mtp:           -5.870000E+24
