 PDE 2017 10 10 18 53 27.80  -54.2600    8.6100   9.0 6.7 6.7 BOUVET ISLAND REGION
event name:   C201710101853A
time shift:          13.5000
half duration:        5.6000
latitude:           -53.8900
longitude:            8.9200
depth:               16.4000
Mrr:           -1.520000E+25
Mtt:            1.550000E+26
Mpp:           -1.400000E+26
Mrt:            1.240000E+25
Mrp:            2.180000E+25
Mtp:            3.850000E+25
