 PDE 2012 06 05 19 31 33.80   34.9400  141.1300  15.0 6.1 6.1 OFF EAST COAST OF HONSHU, JAPAN
event name:   C201206051931A
time shift:           4.2000
half duration:        2.8000
latitude:            34.9600
longitude:          141.2100
depth:               15.4000
Mrr:            3.390000E+24
Mtt:           -1.990000E+25
Mpp:            1.650000E+25
Mrt:            3.720000E+24
Mrp:           -4.770000E+24
Mtp:           -5.300000E+23
