 PDE 2014 11 15 03 08 04.80   -0.1400  123.8900  92.3 5.9 5.9 MINAHASSA PENINSULA, SULAWESI
event name:   C201411150307A
time shift:           1.1000
half duration:        2.2000
latitude:            -0.2300
longitude:          123.9900
depth:               85.8000
Mrr:           -4.200000E+23
Mtt:            3.970000E+24
Mpp:           -3.550000E+24
Mrt:            8.600000E+23
Mrp:            3.900000E+24
Mtp:            7.970000E+24
