 PDE 2011 04 05 11 14 15.30    3.0300  126.9400  20.0 5.8 5.8 TALAUD ISLANDS, INDONESIA
event name:   C201104051114A
time shift:           2.9000
half duration:        2.0000
latitude:             3.0600
longitude:          127.2400
depth:               15.0000
Mrr:            3.360000E+24
Mtt:            3.330000E+23
Mpp:           -3.690000E+24
Mrt:            1.150000E+24
Mrp:            5.710000E+24
Mtp:           -2.690000E+24
