 PDE 2011 03 12 02 47 33.50   37.6000  143.6100  14.6 5.9 5.9 OFF EAST COAST OF HONSHU, JAPAN
event name:   C201103120247A
time shift:           3.8000
half duration:        2.1000
latitude:            37.6300
longitude:          143.7100
depth:               15.3000
Mrr:           -1.570000E+24
Mtt:           -5.730000E+24
Mpp:            7.300000E+24
Mrt:            1.030000E+24
Mrp:            2.970000E+24
Mtp:            3.270000E+24
