 PDE 2019 08 28 23 46 40.10   41.0700  142.9900  23.8 6.0 5.9 HOKKAIDO, JAPAN REGION
event name:   C201908282346A
time shift:           4.1000
half duration:        2.5000
latitude:            41.0500
longitude:          143.1000
depth:               30.2000
Mrr:            7.570000E+24
Mtt:            0.000000E+00
Mpp:           -7.580000E+24
Mrt:            4.470000E+24
Mrp:            1.020000E+25
Mtp:           -2.200000E+24
