 PDE 2014 03 18 21 26 45.40  -19.9300  -70.8000   3.3 5.8 5.8 NEAR COAST OF NORTHERN CHILE
event name:   C201403182126A
time shift:           8.1000
half duration:        2.0000
latitude:           -20.0100
longitude:          -71.0200
depth:               13.6000
Mrr:            3.780000E+24
Mtt:            4.600000E+22
Mpp:           -3.830000E+24
Mrt:           -1.030000E+23
Mrp:           -5.870000E+24
Mtp:           -5.190000E+23
