 PDE 2016 09 05 15 19 03.60  -37.1300  178.7000  27.0 5.8 5.9 OFF E. COAST OF N. ISLAND, N.Z.
event name:   C201609051518A
time shift:           3.0000
half duration:        2.0000
latitude:           -37.0700
longitude:          178.8500
depth:               19.7000
Mrr:            9.350000E+23
Mtt:            2.600000E+22
Mpp:           -9.610000E+23
Mrt:            1.290000E+24
Mrp:            6.450000E+24
Mtp:           -4.120000E+23
