 PDE 2017 01 19 23 04 21.10  -10.3500  161.3400  36.0 6.5 6.5 SOLOMON ISLANDS
event name:   C201701192304A
time shift:           3.4000
half duration:        4.3000
latitude:           -10.4000
longitude:          161.2900
depth:               41.7000
Mrr:            5.450000E+25
Mtt:            1.330000E+25
Mpp:           -6.780000E+25
Mrt:            1.210000E+25
Mrp:            3.100000E+23
Mtp:            2.680000E+25
