 PDE 2014 06 29 17 15 09.30  -14.9800 -175.5100  18.0 6.6 6.7 SAMOA ISLANDS REGION
event name:   C201406291715A
time shift:          11.4000
half duration:        5.0000
latitude:           -15.0000
longitude:         -175.5200
depth:               15.3000
Mrr:           -1.000000E+25
Mtt:            5.150000E+25
Mpp:           -4.150000E+25
Mrt:            5.500000E+24
Mrp:           -7.500000E+24
Mtp:            1.000000E+26
