 PDE 2012 12 02 00 54 22.70  -16.9800  167.6500  32.0 6.1 6.2 VANUATU ISLANDS
event name:   C201212020054A
time shift:           4.8000
half duration:        2.8000
latitude:           -17.1200
longitude:          167.4500
depth:               40.0000
Mrr:            1.700000E+25
Mtt:           -9.100000E+24
Mpp:           -7.850000E+24
Mrt:            1.880000E+24
Mrp:           -3.610000E+24
Mtp:            1.070000E+25
