 PDE 2016 12 18 05 46 25.10  -10.2300  161.2000  39.0 5.9 5.9 SOLOMON ISLANDS
event name:   C201612180546A
time shift:           2.5000
half duration:        2.1000
latitude:           -10.2300
longitude:          161.2000
depth:               43.4000
Mrr:            6.160000E+24
Mtt:            7.900000E+23
Mpp:           -6.950000E+24
Mrt:           -3.390000E+24
Mrp:            1.520000E+24
Mtp:            1.620000E+24
