 PDE 2016 12 20 04 21 29.10  -10.1800  161.2300  20.0 6.4 6.4 SOLOMON ISLANDS
event name:   C201612200421A
time shift:           5.7000
half duration:        3.8000
latitude:           -10.2400
longitude:          161.0000
depth:               31.8000
Mrr:            4.120000E+25
Mtt:           -2.980000E+24
Mpp:           -3.820000E+25
Mrt:           -8.360000E+24
Mrp:           -1.830000E+25
Mtp:            1.640000E+25
