 PDE 2014 05 12 18 38 36.70  -49.9400 -114.8000  10.5 6.4 6.5 SOUTHERN EAST PACIFIC RISE
event name:   C201405121838A
time shift:           9.9000
half duration:        3.9000
latitude:           -49.9000
longitude:         -115.0600
depth:               13.2000
Mrr:            4.400000E+23
Mtt:            2.380000E+25
Mpp:           -2.430000E+25
Mrt:           -1.630000E+24
Mrp:            4.430000E+24
Mtp:            4.520000E+25
