 PDE 2016 08 20 15 58 04.60   40.3100  143.7300  11.0 5.9 5.8 OFF EAST COAST OF HONSHU, JAPAN
event name:   C201608201558A
time shift:           4.0000
half duration:        2.2000
latitude:            40.3000
longitude:          143.7900
depth:               15.0000
Mrr:            4.100000E+24
Mtt:           -3.600000E+23
Mpp:           -3.740000E+24
Mrt:            4.310000E+24
Mrp:            8.450000E+24
Mtp:           -1.440000E+24
