 PDE 2010 02 15 21 51 47.80   -7.2200  128.7600 126.0 6.2 6.2 BANDA SEA
event name:   C201002152151A
time shift:           2.9000
half duration:        3.1000
latitude:            -7.3900
longitude:          128.7600
depth:              136.2000
Mrr:            1.990000E+25
Mtt:           -2.460000E+24
Mpp:           -1.740000E+25
Mrt:            1.300000E+25
Mrp:           -2.910000E+24
Mtp:            1.330000E+25
