 PDE 2014 02 01 03 58 44.00  -56.8300  -27.3400 130.0 6.2 6.1 SOUTH SANDWICH ISLANDS REGION
event name:   C201402010358A
time shift:           2.8000
half duration:        2.9000
latitude:           -56.9700
longitude:          -26.7200
depth:              131.9000
Mrr:           -4.460000E+24
Mtt:            1.070000E+25
Mpp:           -6.280000E+24
Mrt:           -1.350000E+25
Mrp:           -9.860000E+24
Mtp:           -9.560000E+24
