 PDE 2019 05 30 09 03 31.10   13.1700  -89.3600  44.0 6.6 6.6 EL SALVADOR
event name:   C201905300903A
time shift:           2.0000
half duration:        4.8000
latitude:            13.0700
longitude:          -89.5500
depth:               45.7000
Mrr:           -5.420000E+25
Mtt:            7.050000E+25
Mpp:           -1.630000E+25
Mrt:            4.660000E+25
Mrp:           -5.260000E+25
Mtp:           -2.500000E+25
