 PDE 2018 02 26 13 34 53.50   -2.7800  126.6900   9.0 6.0 6.1 CERAM SEA
event name:   C201802261334A
time shift:           5.3000
half duration:        2.4000
latitude:            -2.6500
longitude:          126.8200
depth:               12.9000
Mrr:            8.430000E+24
Mtt:           -1.600000E+24
Mpp:           -6.830000E+24
Mrt:            3.100000E+24
Mrp:           -7.410000E+24
Mtp:            6.110000E+24
