 PDE 2014 03 02 09 37 54.80   12.5600  -87.6900  60.0 6.2 6.2 NEAR COAST OF NICARAGUA
event name:   C201403020937A
time shift:           2.8000
half duration:        3.2000
latitude:            12.5200
longitude:          -87.9100
depth:               61.6000
Mrr:            8.360000E+24
Mtt:           -5.530000E+24
Mpp:           -2.840000E+24
Mrt:            1.910000E+25
Mrp:           -1.980000E+25
Mtp:            6.130000E+24
