 PDE 2012 11 17 05 12 56.80  -18.3800 -172.3200  10.0 5.9 5.9 TONGA ISLANDS REGION
event name:   C201211170512A
time shift:           4.2000
half duration:        2.1000
latitude:           -18.4600
longitude:         -171.9900
depth:               12.0000
Mrr:           -5.870000E+24
Mtt:           -1.220000E+24
Mpp:            7.090000E+24
Mrt:           -7.800000E+23
Mrp:            3.460000E+24
Mtp:            2.590000E+24
