 PDE 2018 02 04 13 56 42.00   24.1600  121.7100  12.0 6.2 6.1 TAIWAN
event name:   C201802041356A
time shift:           2.4000
half duration:        3.0000
latitude:            24.1400
longitude:          121.7000
depth:               15.0000
Mrr:            6.660000E+24
Mtt:           -9.590000E+24
Mpp:            2.930000E+24
Mrt:            2.190000E+25
Mrp:            7.690000E+24
Mtp:           -1.670000E+24
