 PDE 2019 07 07 15 08 40.50    0.5100  126.1900  35.0 6.9 6.9 NORTHERN MOLUCCA SEA
event name:   C201907071508A
time shift:           6.8000
half duration:        7.0000
latitude:             0.5500
longitude:          126.1000
depth:               30.5000
Mrr:            1.740000E+26
Mtt:            1.200000E+26
Mpp:           -2.940000E+26
Mrt:           -8.030000E+25
Mrp:           -5.080000E+25
Mtp:           -1.400000E+26
