 PDE 2014 12 08 08 54 52.50    7.9400  -82.6900  20.0 6.6 6.6 SOUTH OF PANAMA
event name:   C201412080854A
time shift:           7.7000
half duration:        4.7000
latitude:             7.9800
longitude:          -82.6300
depth:               20.4000
Mrr:            7.290000E+25
Mtt:           -4.360000E+25
Mpp:           -2.920000E+25
Mrt:            3.460000E+25
Mrp:           -3.270000E+25
Mtp:            3.710000E+25
