 PDE 2013 02 02 04 16 17.50  -10.9600  165.3600  22.2 5.8 5.9 SANTA CRUZ ISLANDS
event name:   C201302020416A
time shift:           4.4000
half duration:        2.0000
latitude:           -11.0500
longitude:          165.2000
depth:               18.1000
Mrr:            3.860000E+24
Mtt:           -1.220000E+24
Mpp:           -2.650000E+24
Mrt:            3.290000E+24
Mrp:           -5.060000E+24
Mtp:            2.240000E+24
