 PDE 2015 04 24 13 56 15.20   51.6200 -130.7700   8.0 6.2 6.2 QUEEN CHARLOTTE ISLANDS REGION
event name:   C201504241356A
time shift:           6.4000
half duration:        3.2000
latitude:            51.6900
longitude:         -130.8500
depth:               12.0000
Mrr:            5.760000E+24
Mtt:           -2.410000E+25
Mpp:            1.830000E+25
Mrt:            8.540000E+24
Mrp:            1.400000E+23
Mtp:            1.590000E+25
