 PDE 2010 03 16 02 21 57.90  -36.2200  -73.2600  18.0 6.6 6.7 NEAR COAST OF CENTRAL CHILE
event name:   C201003160221A
time shift:           5.6000
half duration:        5.1000
latitude:           -36.4900
longitude:          -73.6300
depth:               13.4000
Mrr:            4.940000E+25
Mtt:            2.900000E+24
Mpp:           -5.230000E+25
Mrt:            1.140000E+25
Mrp:           -1.030000E+26
Mtp:           -2.800000E+24
