 PDE 2015 02 18 09 32 26.80  -10.7600  164.1200  10.0 6.1 6.1 SANTA CRUZ ISLANDS REGION
event name:   C201502180932A
time shift:           5.1000
half duration:        2.7000
latitude:           -10.6500
longitude:          164.0800
depth:               15.8000
Mrr:            8.700000E+23
Mtt:            2.200000E+24
Mpp:           -3.080000E+24
Mrt:            1.600000E+23
Mrp:           -1.010000E+24
Mtp:            1.600000E+25
