 PDE 2011 08 24 17 46 11.60   -7.6400  -74.5300 147.0 7.0 7.0 PERU-BRAZIL BORDER REGION
event name:   C201108241746A
time shift:           3.9000
half duration:        7.9000
latitude:            -7.6800
longitude:          -74.6600
depth:              144.4000
Mrr:           -3.310000E+26
Mtt:           -1.030000E+26
Mpp:            4.340000E+26
Mrt:            1.220000E+26
Mrp:           -1.200000E+26
Mtp:           -4.080000E+25
