 PDE 2014 02 12 09 19 49.10   35.9000   82.5900  10.0 6.9 6.9 XIZANG
event name:   C201402120919A
time shift:           8.5000
half duration:        6.9000
latitude:            36.2200
longitude:           82.5700
depth:               18.3000
Mrr:           -2.830000E+25
Mtt:           -2.230000E+26
Mpp:            2.510000E+26
Mrt:            2.690000E+25
Mrp:           -4.900000E+24
Mtp:            1.600000E+26
