 PDE 2012 07 20 06 10 25.20   49.4100  155.9100  19.0 6.0 6.1 KURIL ISLANDS
event name:   C201207200610A
time shift:           4.9000
half duration:        2.4000
latitude:            49.2200
longitude:          156.4100
depth:               27.4000
Mrr:            9.310000E+24
Mtt:           -2.910000E+24
Mpp:           -6.390000E+24
Mrt:            4.270000E+24
Mrp:            6.710000E+24
Mtp:           -4.700000E+24
