 PDE 2016 10 06 15 51 59.20   22.6300  121.4300  14.0 5.8 5.8 TAIWAN REGION
event name:   C201610061551A
time shift:           2.9000
half duration:        2.0000
latitude:            22.6200
longitude:          121.3400
depth:               26.2000
Mrr:            4.580000E+24
Mtt:            7.850000E+23
Mpp:           -5.370000E+24
Mrt:           -3.310000E+24
Mrp:           -8.990000E+23
Mtp:           -2.880000E+24
