 PDE 2017 06 15 00 26 17.50  -30.5200 -178.0600  34.0 6.0 6.0 KERMADEC ISLANDS, NEW ZEALAND
event name:   C201706150026A
time shift:           4.1000
half duration:        2.4000
latitude:           -30.6200
longitude:         -177.8400
depth:               49.7000
Mrr:            1.090000E+25
Mtt:           -8.100000E+23
Mpp:           -1.010000E+25
Mrt:            9.100000E+23
Mrp:            4.870000E+24
Mtp:           -3.140000E+24
