 PDE 2016 07 23 20 09 23.50  -15.1300 -173.6700  37.0 5.9 5.9 TONGA ISLANDS
event name:   C201607232009A
time shift:           5.6000
half duration:        2.1000
latitude:           -15.1400
longitude:         -173.4200
depth:               56.5000
Mrr:           -7.730000E+23
Mtt:            1.050000E+24
Mpp:           -2.790000E+23
Mrt:           -7.940000E+24
Mrp:            8.960000E+23
Mtp:            7.830000E+23
