 PDE 2015 05 19 15 25 21.10  -54.3300 -132.1600   7.2 6.6 6.7 PACIFIC-ANTARCTIC RIDGE
event name:   C201505191525A
time shift:           8.7000
half duration:        5.0000
latitude:           -54.5300
longitude:         -132.3900
depth:               14.9000
Mrr:           -3.500000E+24
Mtt:            7.190000E+25
Mpp:           -6.840000E+25
Mrt:           -2.800000E+24
Mrp:            2.780000E+25
Mtp:            7.670000E+25
