 PDE 2015 11 21 09 06 13.50   -7.1500  129.9400  82.0 6.0 6.1 BANDA SEA
event name:   C201511210906A
time shift:           2.7000
half duration:        2.6000
latitude:            -7.2200
longitude:          130.1100
depth:              100.4000
Mrr:            8.650000E+24
Mtt:           -1.050000E+25
Mpp:            1.870000E+24
Mrt:            2.190000E+24
Mrp:            6.180000E+24
Mtp:            8.440000E+24
