 PDE 2014 03 11 02 44 05.80  -60.8600  -19.9800  10.0 6.4 6.4 EAST OF SOUTH SANDWICH ISLANDS
event name:   C201403110244A
time shift:           5.2000
half duration:        3.9000
latitude:           -61.0100
longitude:          -19.9200
depth:               17.6000
Mrr:           -2.750000E+24
Mtt:           -7.580000E+24
Mpp:            1.030000E+25
Mrt:            2.700000E+24
Mrp:            2.790000E+24
Mtp:            4.850000E+25
