 PDE 2018 08 17 23 22 25.00    8.7800  -83.1500  15.0 6.1 6.1 COSTA RICA
event name:   C201808172322A
time shift:           3.2000
half duration:        2.7000
latitude:             8.6400
longitude:          -83.1900
depth:               22.4000
Mrr:            1.690000E+25
Mtt:           -1.340000E+25
Mpp:           -3.560000E+24
Mrt:            2.800000E+24
Mrp:           -1.440000E+24
Mtp:            7.530000E+24
