 PDE 2011 12 11 09 54 55.20  -56.0100  -28.1800 116.0 6.2 6.2 SOUTH SANDWICH ISLANDS REGION
event name:   C201112110954A
time shift:           4.6000
half duration:        3.3000
latitude:           -55.9700
longitude:          -27.7800
depth:              123.1000
Mrr:            2.260000E+25
Mtt:           -2.330000E+25
Mpp:            6.500000E+23
Mrt:           -9.210000E+24
Mrp:           -1.410000E+25
Mtp:            1.090000E+25
