 PDE 2011 02 14 03 40 09.90  -35.3800  -72.8300  21.0 6.6 6.6 NEAR COAST OF CENTRAL CHILE
event name:   C201102140340A
time shift:           5.3000
half duration:        5.1000
latitude:           -35.6700
longitude:          -73.6100
depth:               12.0000
Mrr:            5.600000E+25
Mtt:           -2.300000E+24
Mpp:           -5.370000E+25
Mrt:           -1.270000E+25
Mrp:           -9.050000E+25
Mtp:           -1.730000E+25
