 PDE 2016 12 09 21 38 23.20  -10.9500  161.3600  10.0 5.8 5.8 SOLOMON ISLANDS
event name:   C201612092138A
time shift:           3.7000
half duration:        2.0000
latitude:           -10.9900
longitude:          161.4000
depth:               21.1000
Mrr:            7.210000E+24
Mtt:           -3.740000E+24
Mpp:           -3.480000E+24
Mrt:            1.500000E+24
Mrp:           -3.390000E+23
Mtp:            3.030000E+24
