 PDE 2019 07 26 23 37 58.30   20.7500  121.9500  10.0 6.0 6.0 PHILIPPINE ISLANDS REGION
event name:   C201907262337A
time shift:           4.0000
half duration:        2.4000
latitude:            20.8400
longitude:          121.7800
depth:               15.0000
Mrr:            3.100000E+23
Mtt:            5.850000E+24
Mpp:           -6.160000E+24
Mrt:           -5.020000E+24
Mrp:           -2.960000E+24
Mtp:           -8.420000E+24
