 PDE 2011 12 26 04 48 08.90  -16.2000 -173.8600  90.0 6.0 6.0 TONGA ISLANDS
event name:   C201112260448A
time shift:           4.5000
half duration:        2.4000
latitude:           -16.0600
longitude:         -173.6100
depth:               94.6000
Mrr:           -1.310000E+24
Mtt:           -3.380000E+24
Mpp:            4.690000E+24
Mrt:           -9.010000E+24
Mrp:           -6.790000E+24
Mtp:           -5.160000E+24
