 PDE 2013 06 05 04 47 26.20  -11.4000  166.3000  39.0 6.0 6.1 SANTA CRUZ ISLANDS
event name:   C201306050447A
time shift:           3.8000
half duration:        2.6000
latitude:           -11.4700
longitude:          166.0000
depth:               47.0000
Mrr:            1.420000E+25
Mtt:           -6.200000E+23
Mpp:           -1.360000E+25
Mrt:           -6.000000E+22
Mrp:            1.000000E+24
Mtp:            3.340000E+24
