 PDE 2016 12 09 19 10 06.80  -10.7500  161.1300  19.7 6.9 6.9 SOLOMON ISLANDS
event name:   C201612091910A
time shift:          20.1000
half duration:        7.0000
latitude:           -10.9500
longitude:          161.0600
depth:               12.0000
Mrr:            2.030000E+26
Mtt:           -7.670000E+25
Mpp:           -1.260000E+26
Mrt:            1.530000E+26
Mrp:           -1.530000E+26
Mtp:            9.400000E+25
