 PDE 2010 05 20 22 16 30.60    9.2400  -84.3000  21.0 5.9 5.9 COSTA RICA
event name:   C201005202216A
time shift:           5.9000
half duration:        2.3000
latitude:             9.2000
longitude:          -84.2000
depth:               23.9000
Mrr:            7.470000E+24
Mtt:           -6.100000E+24
Mpp:           -1.370000E+24
Mrt:            5.980000E+24
Mrp:           -2.600000E+24
Mtp:            3.700000E+24
