 PDE 2014 06 13 19 30 29.60  -46.0300  -13.8800   6.4 5.8 5.8 SOUTHERN MID-ATLANTIC RIDGE
event name:   C201406131930A
time shift:           4.7000
half duration:        2.0000
latitude:           -46.2300
longitude:          -13.6200
depth:               12.0000
Mrr:           -5.960000E+24
Mtt:            2.310000E+24
Mpp:            3.650000E+24
Mrt:            1.000000E+24
Mrp:           -1.700000E+24
Mtp:           -3.710000E+24
