 PDE 2013 09 11 12 44 13.60   -4.6500 -104.8200   9.6 6.0 6.1 CENTRAL EAST PACIFIC RISE
event name:   C201309111244A
time shift:           6.3000
half duration:        2.6000
latitude:            -4.4500
longitude:         -104.8400
depth:               16.2000
Mrr:           -1.360000E+24
Mtt:            4.790000E+24
Mpp:           -3.420000E+24
Mrt:           -6.200000E+23
Mrp:            1.340000E+24
Mtp:            1.430000E+25
