 PDE 2014 08 24 10 20 44.10   38.2200 -122.3100  11.2 6.1 6.1 NORTHERN CALIFORNIA
event name:   C201408241020A
time shift:           5.3000
half duration:        2.6000
latitude:            38.3100
longitude:         -122.3800
depth:               12.0000
Mrr:           -4.800000E+23
Mtt:           -1.090000E+25
Mpp:            1.140000E+25
Mrt:           -1.360000E+24
Mrp:           -2.500000E+24
Mtp:            1.120000E+25
