 PDE 2016 12 20 12 33 14.20  -10.1800  160.9100  10.0 5.9 6.0 SOLOMON ISLANDS
event name:   C201612201233A
time shift:           4.2000
half duration:        2.2000
latitude:           -10.2400
longitude:          160.8200
depth:               21.3000
Mrr:            6.690000E+24
Mtt:           -4.200000E+23
Mpp:           -6.260000E+24
Mrt:            3.200000E+23
Mrp:           -5.160000E+24
Mtp:            2.860000E+24
