 PDE 2015 03 03 10 37 30.00   -0.7800   98.7200  28.0 6.2 6.1 SOUTHERN SUMATRA, INDONESIA
event name:   C201503031037A
time shift:           5.7000
half duration:        3.4000
latitude:            -0.7200
longitude:           98.5800
depth:               23.6000
Mrr:            1.380000E+25
Mtt:           -7.390000E+24
Mpp:           -6.410000E+24
Mrt:            1.470000E+25
Mrp:           -1.230000E+25
Mtp:            7.070000E+24
