 PDE 2016 12 28 12 38 49.70   36.8600  140.4400   7.0 5.9 5.9 NEAR EAST COAST OF HONSHU, JAPAN
event name:   C201612281238A
time shift:           5.6000
half duration:        2.1000
latitude:            36.8200
longitude:          140.5200
depth:               12.0000
Mrr:           -7.710000E+24
Mtt:            2.560000E+24
Mpp:            5.150000E+24
Mrt:            1.720000E+24
Mrp:            2.140000E+24
Mtp:           -3.160000E+24
