 PDE 2013 01 15 16 09 37.10  -62.5700 -161.4300  10.0 6.1 6.1 PACIFIC-ANTARCTIC RIDGE
event name:   C201301151609A
time shift:           6.5000
half duration:        2.7000
latitude:           -62.6000
longitude:         -161.9400
depth:               12.0000
Mrr:           -1.810000E+24
Mtt:            1.660000E+25
Mpp:           -1.480000E+25
Mrt:           -3.070000E+24
Mrp:            3.430000E+24
Mtp:            3.510000E+24
