 PDE 2013 02 06 12 44 29.60  -11.5900  165.5300  10.0 5.9 5.9 SANTA CRUZ ISLANDS
event name:   C201302061244A
time shift:           5.3000
half duration:        2.1000
latitude:           -11.7300
longitude:          165.4200
depth:               12.0000
Mrr:           -7.650000E+24
Mtt:            1.680000E+24
Mpp:            5.970000E+24
Mrt:           -3.670000E+24
Mrp:            2.660000E+24
Mtp:           -2.040000E+24
