 PDE 2012 11 11 01 12 38.90   23.0000   95.8900  13.7 6.8 6.8 MYANMAR
event name:   C201211110112A
time shift:          16.6000
half duration:        6.5000
latitude:            22.7300
longitude:           96.0300
depth:               16.8000
Mrr:           -3.600000E+24
Mtt:            1.240000E+25
Mpp:           -8.800000E+24
Mrt:            1.360000E+26
Mrp:            1.800000E+25
Mtp:            1.930000E+26
