 PDE 2011 04 21 13 37 03.30   35.5800  140.3000  43.0 6.2 6.2 NEAR EAST COAST OF HONSHU, JAPAN
event name:   C201104211337A
time shift:           4.0000
half duration:        3.0000
latitude:            35.5600
longitude:          140.7800
depth:               42.5000
Mrr:            1.810000E+25
Mtt:            9.200000E+23
Mpp:           -1.900000E+25
Mrt:           -1.750000E+24
Mrp:            1.420000E+25
Mtp:           -2.800000E+24
