 PDE 2017 07 13 03 36 08.60   -4.7800  153.2100  34.0 6.4 6.4 NEW IRELAND REGION, P.N.G.
event name:   C201707130336A
time shift:           5.3000
half duration:        4.0000
latitude:            -4.9300
longitude:          153.1900
depth:               34.1000
Mrr:            3.260000E+25
Mtt:           -1.090000E+25
Mpp:           -2.160000E+25
Mrt:            2.220000E+25
Mrp:           -2.850000E+25
Mtp:           -3.140000E+25
