 PDE 2010 10 20 04 09 42.80   24.5400 -109.1000  10.0 5.9 5.8 GULF OF CALIFORNIA
event name:   C201010200409A
time shift:           5.1000
half duration:        2.1000
latitude:            24.7400
longitude:         -109.1900
depth:               19.4000
Mrr:           -1.200000E+24
Mtt:           -7.050000E+24
Mpp:            8.240000E+24
Mrt:            1.440000E+24
Mrp:            4.700000E+23
Mtp:           -3.100000E+23
