 PDE 2012 02 09 18 52 48.40  -58.3100  157.8400  10.0 5.9 5.9 MACQUARIE ISLAND REGION
event name:   C201202091852A
time shift:           4.5000
half duration:        2.1000
latitude:           -58.2800
longitude:          157.9700
depth:               20.6000
Mrr:           -5.490000E+23
Mtt:           -4.420000E+24
Mpp:            4.970000E+24
Mrt:            2.640000E+24
Mrp:            1.240000E+23
Mtp:            6.140000E+24
