 PDE 2011 03 11 19 46 50.90   40.4800  139.0500  10.0 6.2 6.2 NEAR WEST COAST OF HONSHU, JAPAN
event name:   C201103111946A
time shift:           2.7000
half duration:        3.1000
latitude:            40.3700
longitude:          139.0900
depth:               14.1000
Mrr:           -3.000000E+22
Mtt:            1.920000E+25
Mpp:           -1.920000E+25
Mrt:            4.160000E+24
Mrp:           -4.720000E+24
Mtp:            1.480000E+25
