 PDE 2017 02 21 14 09 04.30  -19.2800  -63.9000 596.0 6.5 6.5 SOUTHERN BOLIVIA
event name:   C201702211409A
time shift:           5.1000
half duration:        4.3000
latitude:           -19.2700
longitude:          -63.7900
depth:              606.0000
Mrr:           -3.180000E+25
Mtt:           -7.750000E+24
Mpp:            3.960000E+25
Mrt:           -2.340000E+25
Mrp:            5.520000E+25
Mtp:            2.600000E+23
