 PDE 2013 03 10 22 51 50.80   -6.6000  148.1700  28.0 6.5 6.7 NEW BRITAIN REGION, P.N.G.
event name:   C201303102251A
time shift:           8.7000
half duration:        4.5000
latitude:            -6.7100
longitude:          148.3700
depth:               12.0000
Mrr:           -2.160000E+24
Mtt:           -1.180000E+25
Mpp:            1.390000E+25
Mrt:           -2.580000E+25
Mrp:            1.350000E+25
Mtp:            7.330000E+25
