 PDE 2017 05 09 13 52 11.00  -14.5900  167.3800 169.0 6.8 6.8 VANUATU ISLANDS
event name:   C201705091352A
time shift:           4.1000
half duration:        5.9000
latitude:           -14.5500
longitude:          167.2000
depth:              181.4000
Mrr:            1.500000E+26
Mtt:           -1.630000E+25
Mpp:           -1.340000E+26
Mrt:           -7.440000E+25
Mrp:           -2.870000E+25
Mtp:            7.940000E+25
