 PDE 2013 11 02 15 52 46.10  -23.6300 -112.5900  10.0 6.0 6.0 EASTER ISLAND REGION
event name:   C201311021552A
time shift:           6.0000
half duration:        2.5000
latitude:           -23.6900
longitude:         -112.6000
depth:               14.8000
Mrr:           -1.220000E+25
Mtt:            1.220000E+25
Mpp:            2.000000E+22
Mrt:            1.950000E+24
Mrp:           -2.290000E+24
Mtp:           -4.550000E+24
