 PDE 2011 03 06 14 32 36.10  -56.4200  -27.0600  87.7 6.5 6.5 SOUTH SANDWICH ISLANDS REGION
event name:   C201103061432A
time shift:           6.0000
half duration:        4.5000
latitude:           -56.4100
longitude:          -26.6800
depth:              101.2000
Mrr:            2.860000E+25
Mtt:            1.570000E+25
Mpp:           -4.440000E+25
Mrt:           -4.960000E+25
Mrp:            4.830000E+25
Mtp:            1.310000E+25
