 PDE 2011 05 21 21 17 02.40  -30.8200 -178.1700  34.0 5.8 5.8 KERMADEC ISLANDS, NEW ZEALAND
event name:   C201105212117A
time shift:           5.1000
half duration:        2.0000
latitude:           -30.8100
longitude:         -177.9600
depth:               52.7000
Mrr:            6.910000E+24
Mtt:           -3.690000E+23
Mpp:           -6.540000E+24
Mrt:           -2.460000E+23
Mrp:            6.560000E+23
Mtp:           -2.050000E+24
