 PDE 2011 04 07 13 11 22.40   17.2100  -94.3400 166.2 6.7 6.7 CHIAPAS, MEXICO
event name:   C201104071311A
time shift:           5.3000
half duration:        5.5000
latitude:            17.2800
longitude:          -94.1200
depth:              153.8000
Mrr:           -5.610000E+25
Mtt:           -2.940000E+25
Mpp:            8.550000E+25
Mrt:            9.110000E+25
Mrp:           -6.250000E+25
Mtp:           -5.690000E+25
