 PDE 2011 03 15 09 49 52.60   37.3700  142.3000   8.0 5.8 5.8 OFF EAST COAST OF HONSHU, JAPAN
event name:   C201103150949A
time shift:           1.7000
half duration:        2.0000
latitude:            37.4400
longitude:          142.2900
depth:               12.0000
Mrr:           -5.900000E+24
Mtt:            9.840000E+23
Mpp:            4.920000E+24
Mrt:            1.950000E+24
Mrp:            2.840000E+24
Mtp:            1.930000E+24
