 PDE 2015 10 23 04 04 18.10  -45.8100   37.1700  10.0 6.0 6.0 PRINCE EDWARD ISLANDS REGION
event name:   C201510230404A
time shift:           3.3000
half duration:        2.5000
latitude:           -45.6500
longitude:           37.1300
depth:               20.5000
Mrr:           -1.570000E+24
Mtt:           -6.890000E+24
Mpp:            8.450000E+24
Mrt:           -3.030000E+24
Mrp:            1.740000E+24
Mtp:           -1.130000E+25
