 PDE 2019 03 02 03 22 52.80   41.9500  146.9300  10.0 6.0 5.9 OFF COAST OF HOKKAIDO, JAPAN
event name:   C201903020322A
time shift:           5.1000
half duration:        2.5000
latitude:            41.9800
longitude:          146.8600
depth:               35.2000
Mrr:           -5.000000E+24
Mtt:            1.280000E+25
Mpp:           -7.750000E+24
Mrt:           -1.320000E+24
Mrp:            5.750000E+24
Mtp:            2.370000E+24
