 PDE 2017 04 10 10 38 47.90    5.6800  127.2000  13.0 5.9 5.8 PHILIPPINE ISLANDS REGION
event name:   C201704101038A
time shift:           4.9000
half duration:        2.2000
latitude:             5.6200
longitude:          127.4000
depth:               29.5000
Mrr:            6.770000E+24
Mtt:            1.240000E+24
Mpp:           -8.010000E+24
Mrt:            2.080000E+24
Mrp:            4.240000E+24
Mtp:           -5.900000E+23
