 PDE 2019 05 19 14 27 11.80  -21.7300  169.5800  16.0 6.1 6.0 SOUTHEAST OF LOYALTY ISLANDS
event name:   C201905191427A
time shift:           5.3000
half duration:        2.6000
latitude:           -21.6700
longitude:          169.6100
depth:               30.9000
Mrr:            1.210000E+25
Mtt:           -7.200000E+23
Mpp:           -1.140000E+25
Mrt:           -6.300000E+23
Mrp:           -9.090000E+24
Mtp:            5.930000E+24
