 PDE 2016 04 06 07 57 37.60  -14.2000  166.6400  35.0 6.0 5.9 VANUATU ISLANDS
event name:   C201604060757A
time shift:           1.6000
half duration:        2.3000
latitude:           -14.1500
longitude:          166.5100
depth:               25.8000
Mrr:            1.030000E+25
Mtt:           -8.300000E+23
Mpp:           -9.440000E+24
Mrt:            3.330000E+24
Mrp:           -3.610000E+24
Mtp:            1.880000E+24
