 PDE 2016 10 19 00 26 01.10   -4.8600  108.1600 614.0 6.6 6.6 JAVA SEA
event name:   C201610190026A
time shift:           3.7000
half duration:        4.9000
latitude:            -4.9500
longitude:          108.0700
depth:              622.8000
Mrr:           -8.940000E+25
Mtt:            3.990000E+25
Mpp:            4.950000E+25
Mrt:           -4.210000E+25
Mrp:           -4.830000E+25
Mtp:           -3.810000E+25
