 PDE 2011 02 10 14 41 58.80    4.0800  123.0400 525.0 6.5 6.6 CELEBES SEA
event name:   C201102101441A
time shift:           2.9000
half duration:        4.4000
latitude:             4.2200
longitude:          123.2800
depth:              517.6000
Mrr:            6.170000E+24
Mtt:            8.300000E+24
Mpp:           -1.450000E+25
Mrt:           -1.470000E+25
Mrp:           -7.010000E+25
Mtp:           -1.250000E+24
