 PDE 2013 11 13 03 57 40.10   51.5300 -178.9900  20.0 5.8 5.8 ANDREANOF ISLANDS, ALEUTIAN IS.
event name:   C201311130357A
time shift:           3.5000
half duration:        2.0000
latitude:            51.4700
longitude:         -178.7700
depth:               22.2000
Mrr:           -3.840000E+24
Mtt:           -1.580000E+24
Mpp:            5.420000E+24
Mrt:            3.720000E+24
Mrp:            1.660000E+24
Mtp:           -1.500000E+24
