 PDE 2019 10 29 02 42 38.30    6.8700  124.9900  10.0 5.9 5.9 MINDANAO, PHILIPPINES
event name:   C201910290242A
time shift:           3.4000
half duration:        2.2000
latitude:             6.8600
longitude:          124.9500
depth:               22.1000
Mrr:           -1.590000E+24
Mtt:            6.330000E+24
Mpp:           -4.740000E+24
Mrt:           -2.020000E+24
Mrp:           -6.400000E+23
Mtp:            6.800000E+24
