 PDE 2013 05 21 01 55 08.40   52.5200  160.3600  30.0 6.0 6.0 OFF EAST COAST OF KAMCHATKA
event name:   C201305210155A
time shift:           4.4000
half duration:        2.4000
latitude:            52.3400
longitude:          160.8100
depth:               18.2000
Mrr:            9.320000E+24
Mtt:           -3.700000E+24
Mpp:           -5.620000E+24
Mrt:            5.460000E+24
Mrp:            6.640000E+24
Mtp:           -4.590000E+24
