 PDE 2015 07 03 01 07 47.30   37.4600   78.1500  20.0 6.4 6.4 SOUTHERN XINJIANG, CHINA
event name:   C201507030107A
time shift:           3.3000
half duration:        4.0000
latitude:            37.5800
longitude:           78.1400
depth:               15.6000
Mrr:            3.580000E+25
Mtt:           -3.220000E+25
Mpp:           -3.650000E+24
Mrt:           -3.500000E+25
Mrp:            1.640000E+25
Mtp:            1.370000E+25
