 PDE 2016 04 12 03 22 47.70   -3.7600 -103.9400  10.0 5.8 5.8 CENTRAL EAST PACIFIC RISE
event name:   C201604120322A
time shift:           3.2000
half duration:        2.0000
latitude:            -3.6600
longitude:         -103.9600
depth:               14.4000
Mrr:            3.610000E+23
Mtt:           -5.520000E+23
Mpp:            1.910000E+23
Mrt:            3.100000E+23
Mrp:            9.340000E+23
Mtp:            6.910000E+24
