 PDE 2013 02 14 13 13 53.10   67.6300  142.5100  11.0 6.7 6.7 EASTERN SIBERIA, RUSSIA
event name:   C201302141313A
time shift:           6.3000
half duration:        5.3000
latitude:            67.6500
longitude:          142.5100
depth:               12.0000
Mrr:            1.110000E+26
Mtt:           -6.750000E+25
Mpp:           -4.320000E+25
Mrt:            2.420000E+25
Mrp:            7.000000E+24
Mtp:            7.980000E+25
