 PDE 2011 04 15 02 06 26.80  -15.2800 -173.2300   7.0 5.8 5.8 TONGA ISLANDS
event name:   C201104150206A
time shift:           7.8000
half duration:        2.0000
latitude:           -15.0700
longitude:         -172.9700
depth:               29.5000
Mrr:            2.800000E+23
Mtt:            4.350000E+24
Mpp:           -4.630000E+24
Mrt:           -4.460000E+24
Mrp:            1.090000E+24
Mtp:            3.020000E+24
