 PDE 2017 10 31 11 50 48.40   -3.7400  127.7500   6.0 6.1 6.1 SERAM, INDONESIA
event name:   C201710311150A
time shift:           4.0000
half duration:        2.7000
latitude:            -3.8300
longitude:          127.7100
depth:               12.0000
Mrr:            1.550000E+25
Mtt:           -1.750000E+25
Mpp:            1.980000E+24
Mrt:            4.180000E+24
Mrp:           -4.010000E+24
Mtp:            1.820000E+24
