 PDE 2013 02 23 08 59 08.70  -10.6600  165.3000  12.0 5.9 6.1 SANTA CRUZ ISLANDS
event name:   C201302230859A
time shift:           4.8000
half duration:        2.1000
latitude:           -10.5800
longitude:          165.1900
depth:               23.7000
Mrr:            6.790000E+24
Mtt:            2.330000E+24
Mpp:           -9.120000E+24
Mrt:           -1.760000E+24
Mrp:           -1.090000E+24
Mtp:           -1.070000E+24
