 PDE 2012 02 06 03 49 12.50   10.0000  123.2100  11.0 6.7 6.7 CEBU, PHILIPPINES
event name:   C201202060349A
time shift:           6.7000
half duration:        5.3000
latitude:            10.0300
longitude:          123.2600
depth:               12.0000
Mrr:            1.050000E+26
Mtt:            7.300000E+24
Mpp:           -1.130000E+26
Mrt:           -9.400000E+24
Mrp:           -6.200000E+24
Mtp:           -6.970000E+25
