 PDE 2010 10 31 16 38 49.50   -6.3900  150.1600  10.0 5.8 5.8 NEW BRITAIN REGION, P.N.G.
event name:   C201010311638A
time shift:           6.4000
half duration:        2.0000
latitude:            -6.6300
longitude:          150.3300
depth:               14.0000
Mrr:           -5.030000E+24
Mtt:            5.430000E+24
Mpp:           -4.020000E+23
Mrt:           -4.260000E+24
Mrp:           -1.270000E+24
Mtp:           -1.500000E+22
