 PDE 2015 09 24 15 56 56.20  -10.1900  160.5200  25.5 6.0 5.8 SOLOMON ISLANDS
event name:   S201509241556A
time shift:           5.1000
half duration:        2.3000
latitude:           -10.1700
longitude:          160.6700
depth:               24.3000
Mrr:            7.960000E+24
Mtt:           -5.510000E+24
Mpp:           -2.450000E+24
Mrt:            6.320000E+24
Mrp:            1.150000E+24
Mtp:            4.420000E+24
